612
82
448
52
279
45
33
67
508
1
412
573
77
212
71
84
87
592
204
311
197
20
362
216
347
595
610
324
179
502
530
138
301
185
85
267
265
543
411
420
137
298
207
544
435
501
6
60
602
283
492
439
374
99
155
179
558
383
313
391
586
401
132
576
304
96
378
437
419
104
424
397
479
572
54
357
185
516
261
291
129
419
90
421
0.214048448915768
0.341140307121898
82
1
1
1
0
0
0
0
1
1
0
0
0
1
1
0
1
1
1
1
0
1
1
0
1
1
0
0
1
0
1
1
1
0
1
1
0
1
0
0
1
0
1
1
1
0
0
0
1
0
1
1
1
1
1
1
1
1
1
1
1
1
1
1
0
0
1
1
0
1
1
1
1
0
0
1
1
1
1
0
0
1
1
