897
178
446
188
81
234
872
569
518
587
809
757
55
508
677
884
636
241
51
616
642
781
93
158
348
38
211
367
388
412
334
667
466
820
669
355
428
256
760
93
705
4
182
80
342
535
390
748
577
288
743
153
394
274
2
502
242
525
746
595
128
172
269
893
43
896
325
330
53
779
756
170
83
683
272
269
513
145
374
768
858
113
352
114
774
54
363
480
795
688
420
827
214
259
683
270
145
451
153
11
119
476
816
4
796
351
854
6
95
738
834
216
369
859
780
878
432
41
877
353
727
617
706
631
198
4
547
683
117
633
734
366
768
356
319
156
504
377
452
6
776
497
660
811
397
610
270
747
815
438
879
184
370
813
757
685
43
673
36
275
432
387
432
177
875
352
719
100
11
419
759
745
250
504
175
610
299
78
387
317
9.37620883996729
0.195957452635915
178
1
1
1
0
1
1
1
0
1
0
1
1
0
1
1
1
1
1
0
1
1
1
1
1
1
0
0
1
1
1
1
1
1
1
0
1
1
0
1
1
1
0
1
1
1
1
1
1
1
1
1
1
1
1
1
1
1
1
0
1
1
1
1
1
1
1
0
1
1
0
1
0
1
0
1
1
1
1
1
0
1
1
1
0
0
0
1
1
1
1
0
1
1
1
1
0
1
1
1
1
1
1
1
1
1
0
0
1
1
1
1
1
1
1
1
1
1
1
1
0
1
1
0
1
0
1
1
1
0
1
1
1
1
0
1
1
1
1
1
1
1
1
1
1
1
0
1
0
0
1
0
1
1
1
1
1
1
1
1
0
1
1
1
1
1
1
1
1
1
1
0
1
0
1
0
1
1
1
