527
170
216
104
244
284
45
315
257
476
432
247
127
16
86
439
83
265
221
327
222
262
146
83
240
81
408
102
457
213
379
358
100
157
506
99
352
193
165
203
354
210
356
427
205
273
139
249
399
402
511
347
356
274
326
311
387
374
310
294
17
17
101
254
158
470
142
520
444
68
69
478
217
54
43
94
163
376
284
304
503
139
253
356
5
445
379
320
156
261
321
220
106
59
100
91
312
503
126
371
34
365
244
51
129
274
353
333
304
313
240
507
281
200
109
364
201
351
452
312
40
28
379
396
134
65
517
140
327
320
380
272
342
371
64
495
182
222
134
112
299
82
525
223
289
434
222
142
331
127
114
489
165
307
122
227
301
338
32
31
246
318
188
495
42
157
291
276
229
157
32
466
9.88059471771267
0.186656581964219
170
0
1
1
1
1
1
0
1
1
1
1
1
1
0
0
1
1
1
0
1
1
1
0
1
0
1
1
1
1
1
1
1
1
1
1
0
1
1
1
1
1
1
1
1
0
0
1
1
1
0
1
1
0
1
1
1
1
1
0
1
1
1
0
0
1
1
1
0
1
0
0
1
1
0
0
1
1
1
0
0
1
0
1
1
1
1
1
1
1
1
1
0
1
1
1
1
0
0
1
0
0
1
1
0
1
1
1
1
1
1
1
1
1
1
1
1
0
1
0
0
1
1
1
1
0
0
1
1
1
0
1
1
1
1
1
1
1
1
1
1
1
0
1
1
1
1
1
1
1
1
1
0
1
1
1
1
1
1
1
1
1
1
1
1
1
1
0
0
0
0
