181
122
135
37
68
153
65
74
165
63
81
70
36
8
173
110
177
60
90
160
10
162
33
114
152
178
99
147
34
132
132
139
52
153
37
120
134
1
72
111
85
108
96
44
102
83
115
120
124
140
7
40
100
50
181
91
106
177
172
31
129
122
146
37
124
36
20
174
22
77
142
107
86
64
7
64
64
97
59
65
136
115
65
71
14
144
54
140
137
48
53
103
90
110
1
110
149
95
15
84
67
147
135
34
26
84
118
37
72
30
143
71
45
161
86
108
42
112
81
120
178
153
168
80
4.6835736039368
0.152946168366531
122
1
1
1
1
1
1
0
1
1
1
1
1
0
1
1
1
1
1
1
1
1
1
1
1
1
1
0
1
1
1
1
1
1
1
1
1
1
1
0
0
1
1
1
1
1
1
1
1
1
0
1
1
1
0
1
1
1
1
1
1
1
1
1
1
1
1
1
1
1
1
1
1
1
1
1
0
0
0
1
0
1
1
1
1
0
1
1
1
0
1
1
1
1
1
1
1
1
1
1
1
1
0
1
1
1
1
1
1
1
0
0
1
0
1
0
1
0
1
1
1
1
1
