226
96
42
126
96
17
154
103
90
217
115
190
43
187
67
162
121
66
2
33
7
30
114
13
215
88
119
160
61
147
177
73
123
70
42
128
197
27
23
167
125
62
36
147
129
129
165
56
42
69
50
38
184
144
82
4
223
196
84
17
189
3
26
226
109
7
114
123
13
71
116
124
89
189
214
142
53
95
147
162
65
41
95
168
159
126
111
17
48
46
142
104
7
103
162
204
61
148
1.26509227552603
0.212914392246172
96
1
0
0
1
1
1
1
1
1
1
0
1
1
1
1
0
1
0
1
1
0
1
1
1
1
0
1
0
1
1
1
0
1
1
1
1
0
0
0
0
1
1
1
1
1
1
1
1
1
1
1
0
1
1
0
1
1
0
1
1
1
1
1
1
1
1
0
0
1
1
1
1
1
1
1
1
1
1
0
1
1
1
1
1
1
0
0
0
1
1
1
1
0
1
1
1
