632
188
416
300
560
330
572
90
520
348
563
209
147
260
489
448
201
526
14
395
593
281
630
591
9
86
424
54
598
183
399
130
602
363
292
97
96
133
182
71
255
390
360
585
195
407
210
70
410
27
108
293
483
498
609
367
526
628
608
140
228
37
372
478
521
286
467
514
202
419
56
1
460
536
277
398
135
611
273
183
20
91
402
126
58
490
441
202
150
621
607
329
144
587
166
155
619
319
501
483
144
75
274
550
295
607
281
5
374
324
399
421
401
606
458
149
184
151
403
290
387
364
100
344
34
552
485
158
276
317
272
94
379
217
367
359
204
55
0
352
438
577
149
343
75
416
523
11
279
167
99
129
515
530
135
360
85
489
17
197
494
543
508
551
427
413
573
594
573
178
564
162
522
402
150
376
78
23
338
589
511
363
620
425
205
233
132
231
107
597
8.98606268168253
0.059748464641377
188
1
0
0
1
1
1
1
1
1
0
1
1
1
1
1
1
1
1
1
1
1
1
1
1
1
1
1
1
1
1
1
0
1
1
1
1
1
1
1
1
0
1
1
1
1
1
1
1
1
1
1
1
1
1
1
1
1
1
1
1
1
1
1
1
1
1
1
1
1
1
1
1
1
1
0
1
1
1
1
1
1
0
1
1
1
1
1
1
1
1
1
1
1
1
1
1
1
1
1
1
1
1
1
1
1
1
1
1
1
1
1
1
1
1
1
1
1
0
1
1
1
1
1
1
0
1
1
1
1
1
1
1
1
1
1
0
1
1
1
1
1
1
1
1
1
1
1
1
1
1
1
1
1
1
1
1
1
1
1
1
1
1
1
1
1
1
1
1
1
1
1
1
1
0
1
1
1
1
1
1
1
1
1
1
1
1
1
1
