525
80
213
522
342
226
190
447
119
368
397
55
458
135
310
397
491
160
262
270
490
119
416
248
62
160
396
202
249
75
178
498
306
177
297
318
445
355
344
308
493
289
481
55
121
336
145
356
140
260
442
9
98
359
395
212
175
123
52
164
244
295
391
48
369
444
162
237
233
330
360
177
322
377
243
205
136
181
443
307
206
461
1.81908351312223
0.0385253709282717
80
1
1
1
1
1
1
1
1
1
1
1
1
1
1
1
1
1
1
1
1
0
1
1
1
1
1
1
1
1
1
1
1
1
1
1
1
1
1
1
1
1
1
1
1
1
1
1
1
1
1
0
1
1
1
1
1
1
0
1
1
1
1
1
1
1
1
1
1
1
1
1
1
1
1
1
1
1
1
1
1
