920
182
277
552
118
901
49
836
918
716
216
576
277
563
468
318
74
266
355
161
583
882
63
36
377
274
646
572
549
917
337
777
333
845
137
702
474
12
573
765
598
835
89
774
306
796
25
711
428
499
764
679
790
259
559
835
334
507
71
192
661
144
174
774
234
862
794
648
886
615
527
333
43
743
517
476
707
786
692
548
178
92
624
780
686
396
140
202
322
551
228
272
495
223
698
99
904
608
529
527
87
872
809
328
793
863
136
134
188
764
617
157
806
185
18
329
131
561
339
670
291
571
811
519
313
193
325
402
708
690
31
137
35
788
212
216
464
501
329
849
156
148
267
150
828
901
150
13
782
231
766
224
155
693
216
682
135
106
813
820
542
684
608
722
189
92
644
306
530
125
175
857
57
443
663
293
321
514
835
422
311
574
34
902
2.58304419384425
0.31113078258973
182
1
1
0
1
1
1
0
1
1
1
1
0
1
1
1
1
1
1
1
1
1
1
0
1
0
1
1
0
0
1
1
1
1
1
0
1
1
1
1
1
1
1
1
1
1
1
0
0
1
0
1
1
1
1
0
0
0
1
0
0
0
1
0
1
1
1
1
1
1
0
0
0
1
1
1
1
0
0
1
0
0
0
1
0
1
1
0
1
1
1
0
0
1
1
0
1
0
1
1
1
1
0
0
1
1
1
0
1
0
0
1
0
1
1
1
1
1
0
0
1
1
0
0
1
0
1
0
1
1
1
1
0
1
1
1
1
1
1
0
1
0
1
0
0
0
0
1
0
0
0
1
1
1
0
1
1
0
1
0
0
1
1
1
1
1
0
0
1
1
1
0
0
0
1
1
1
1
0
1
1
1
1
