858
94
724
301
842
51
227
87
386
227
605
418
163
708
268
546
822
723
306
86
302
761
112
5
16
179
736
319
148
456
182
329
510
460
414
170
306
428
412
35
215
84
342
795
262
112
20
176
844
851
49
568
557
40
638
512
420
258
109
0
336
126
12
832
368
465
190
713
488
469
733
194
134
335
777
87
787
376
406
521
585
312
792
105
254
485
665
858
592
460
674
409
453
759
736
73
1.82881456544313
0.191612393183341
94
1
1
0
1
1
1
1
1
0
1
1
1
1
0
1
0
0
1
1
1
0
1
0
0
1
1
1
1
1
1
1
1
1
0
0
1
1
0
0
1
1
1
1
1
0
1
1
1
1
1
0
1
1
1
0
1
1
1
1
1
1
1
1
1
1
1
1
1
1
1
1
0
1
0
1
1
1
1
1
1
1
1
1
0
1
1
1
0
1
1
0
0
1
0
