638
92
526
237
456
483
452
505
262
227
247
234
505
541
201
267
117
75
430
37
39
332
284
5
352
150
607
207
476
324
371
346
15
424
494
447
190
10
283
244
472
269
63
38
475
231
595
63
252
115
438
63
519
566
355
204
501
598
215
561
350
634
492
400
175
56
485
561
491
193
30
227
339
164
122
108
490
366
155
490
5
318
613
47
422
475
569
498
130
516
507
564
37
498
3.62507030531431
0.0876583563861424
92
1
1
1
1
1
1
0
1
1
1
1
1
1
1
1
1
1
1
1
1
1
1
1
1
1
1
1
1
1
1
1
1
1
1
1
1
1
1
0
1
1
1
1
1
1
1
1
1
1
0
1
1
1
1
1
1
1
1
1
1
1
1
1
1
1
1
1
1
1
1
1
1
1
1
1
1
1
1
1
1
1
1
1
1
1
1
1
1
1
1
1
1
