268
138
34
93
79
34
225
47
36
201
212
211
89
218
263
68
230
197
211
192
108
51
198
71
213
81
74
125
236
55
210
188
113
220
201
88
16
119
206
222
241
77
252
185
17
145
243
226
196
4
266
259
169
225
12
157
43
150
13
268
78
73
251
126
138
130
108
31
7
62
87
137
48
154
149
80
101
184
121
243
134
6
181
245
34
70
69
201
204
156
199
211
123
262
61
37
223
220
17
63
190
11
122
27
59
194
43
46
228
159
221
88
41
118
3
39
111
238
11
125
267
101
21
59
258
7
186
115
245
38
223
3
57
231
266
159
97
171
241
243
3.95154225506848
0.228851319398021
138
0
1
1
1
1
1
0
1
1
1
1
1
1
1
1
0
1
1
1
1
1
0
0
0
1
1
0
1
0
1
0
1
1
0
0
1
1
1
0
1
1
1
1
1
0
1
1
1
1
1
1
1
1
0
1
1
1
1
1
0
0
1
1
1
1
1
1
1
1
1
0
1
0
0
0
1
1
0
0
1
1
0
1
1
1
1
0
1
1
0
0
1
1
0
1
0
1
1
1
1
0
0
1
1
0
0
1
1
1
1
1
1
1
0
0
0
1
1
1
1
1
0
1
1
1
0
1
1
1
1
1
1
1
0
1
1
0
1
