660
104
454
601
492
492
155
238
145
618
524
332
248
281
394
271
505
647
52
152
63
217
201
213
419
111
476
386
10
174
617
24
602
111
460
650
58
231
387
451
316
140
639
559
148
90
481
497
362
627
171
306
474
559
393
538
318
107
115
540
494
103
589
549
11
638
534
20
574
250
353
326
387
38
268
70
26
36
8
7
243
206
494
643
392
358
324
245
585
536
369
459
525
254
623
126
101
66
194
224
154
253
252
121
43
87
6.62286399259262
0.160903871007458
104
0
1
1
1
1
1
1
0
1
1
1
1
0
1
1
0
1
0
1
1
0
1
1
0
1
0
1
1
1
1
1
1
0
1
1
0
1
1
1
1
0
1
1
1
1
1
1
1
1
1
1
1
1
1
1
1
1
0
1
1
1
1
0
1
1
1
1
1
1
1
1
1
1
1
1
1
1
1
1
1
1
1
1
0
1
0
1
1
0
1
1
1
1
1
1
1
1
1
1
1
1
1
1
0
