129
182
32
44
41
101
34
32
83
105
14
13
47
121
79
6
113
116
63
93
60
97
125
90
68
90
90
4
33
127
104
119
28
37
107
31
120
84
112
127
104
37
19
85
115
113
112
28
0
105
128
78
71
123
115
56
27
52
32
67
77
3
39
1
121
101
26
68
37
103
16
82
46
103
93
41
98
20
5
20
42
57
125
60
88
50
64
73
36
91
67
34
28
65
118
112
68
15
104
105
83
58
38
80
104
73
81
78
10
74
90
43
128
44
61
35
32
57
84
11
106
50
3
25
104
110
67
125
6
82
102
118
28
120
104
60
77
109
81
114
67
47
117
109
49
110
47
124
59
19
36
86
116
2
108
13
42
68
122
42
95
39
105
18
46
84
97
45
11
26
120
71
20
128
67
7
125
54
34
24
129
52
77
119
7.73469374772892
0.348220019938155
182
1
1
1
1
1
0
1
1
0
1
1
1
1
0
0
0
0
0
0
1
0
0
0
1
1
1
1
1
0
1
1
1
1
1
1
1
0
0
0
1
0
1
1
0
1
0
1
1
0
1
0
1
1
1
0
0
1
0
1
0
0
0
1
0
0
0
1
1
1
0
0
1
0
1
1
0
0
0
1
1
1
0
1
1
0
1
1
1
0
1
1
0
0
0
1
1
0
1
1
1
1
1
0
0
1
1
1
0
1
0
1
1
1
1
0
1
1
0
1
0
1
1
0
1
1
1
1
0
0
0
0
0
1
1
1
1
1
1
1
1
1
1
1
0
0
1
0
1
0
1
0
0
0
1
1
1
1
1
1
0
1
0
0
0
1
1
1
0
1
1
1
0
0
1
1
1
1
1
1
0
0
1
