532
182
187
105
29
209
469
203
319
488
482
395
17
356
234
400
398
5
175
138
485
138
441
511
419
390
372
396
488
414
167
256
528
84
447
218
502
130
83
211
325
500
386
387
521
469
403
373
124
284
396
426
348
245
308
374
351
453
144
221
64
429
525
302
454
34
62
229
178
145
502
128
296
446
95
42
375
378
317
156
98
12
193
17
370
280
191
296
517
391
158
400
309
205
234
420
308
493
309
382
241
181
293
494
454
352
433
45
324
104
26
313
55
121
372
429
271
368
281
430
371
356
38
282
502
88
248
165
372
455
82
55
251
22
41
328
431
329
77
362
84
132
400
247
109
227
482
169
364
166
396
499
98
22
30
219
201
365
75
148
311
353
279
456
525
166
413
527
59
306
493
45
388
406
400
333
407
484
104
482
160
56
431
138
0.799829689100324
0.306107241944564
182
0
0
0
1
1
1
0
1
1
1
1
1
0
0
1
0
1
1
1
1
1
0
0
0
1
1
0
1
1
1
0
1
1
0
0
0
1
0
1
0
1
1
1
0
1
1
0
1
1
1
1
1
1
0
1
1
0
0
1
1
1
0
1
1
1
1
1
1
1
1
0
0
1
1
0
1
1
1
0
1
1
0
0
1
1
0
1
1
1
0
1
0
1
0
0
1
1
1
1
0
1
0
1
1
1
0
0
0
0
1
1
0
0
1
1
1
1
1
1
1
0
1
1
1
1
1
0
0
0
1
1
0
1
0
1
1
0
0
1
1
1
0
0
1
1
1
0
1
1
0
0
1
0
0
1
1
1
1
0
1
1
1
0
0
1
1
1
1
1
1
1
0
0
1
1
1
1
1
1
0
1
1
