332
178
72
272
263
220
28
89
226
266
279
276
103
263
254
288
65
178
62
192
300
73
255
282
29
25
43
65
332
118
71
115
54
179
88
278
323
170
87
294
223
25
48
189
198
195
201
219
207
40
51
174
193
159
13
95
176
202
116
212
299
275
83
291
61
203
288
109
248
98
310
1
6
184
21
259
265
109
85
17
206
165
63
204
211
120
177
52
36
65
40
27
1
14
298
78
238
318
39
124
172
15
331
142
6
303
87
227
271
208
242
48
117
218
232
211
217
313
171
223
196
304
242
280
230
72
321
313
237
303
329
112
170
255
303
329
290
121
8
271
229
90
309
10
111
191
137
168
88
155
291
185
57
183
82
276
305
13
146
309
27
322
303
167
29
263
245
140
155
279
234
174
253
195
38
305
150
70
211
275
5.32637477279237
0.00323043784804256
178
1
1
1
1
1
1
1
1
1
1
1
1
1
1
1
1
1
1
1
1
1
1
1
1
1
1
1
1
1
1
1
1
1
1
1
1
1
1
1
1
1
1
1
1
1
1
1
1
1
1
1
1
1
1
1
1
1
1
1
1
1
1
1
1
1
1
1
1
1
1
1
1
1
1
1
1
1
1
1
1
1
1
1
1
1
1
1
1
1
1
1
1
1
1
1
1
1
1
1
1
1
1
1
1
1
1
1
1
1
1
1
1
1
1
1
1
1
1
1
1
1
1
1
1
1
1
1
1
1
1
1
1
1
1
1
1
1
1
1
1
1
1
1
1
1
1
1
1
1
1
1
1
1
1
1
1
1
1
1
1
1
1
1
1
1
1
1
1
1
1
1
1
1
1
1
1
1
1
