862
140
619
85
473
434
255
307
405
697
832
642
319
5
397
852
285
143
667
326
22
747
106
525
92
580
78
203
292
115
376
416
737
394
201
789
350
402
624
208
15
181
680
572
835
695
615
413
171
296
442
704
100
639
11
382
47
801
842
610
410
370
182
366
442
678
161
39
834
733
655
783
213
548
586
284
639
659
219
230
481
828
408
330
468
442
651
166
451
412
130
778
792
600
341
228
460
140
535
413
430
693
122
309
631
731
810
74
683
594
451
460
694
18
28
525
449
288
154
397
652
504
281
467
574
374
832
671
668
611
573
298
192
816
811
649
687
406
406
100
364
126
7.33834417585669
0.0750419609367571
140
1
1
0
1
1
0
1
1
1
1
1
1
1
1
1
1
1
1
1
1
1
1
1
1
1
1
1
1
1
1
1
1
1
1
1
1
1
1
1
1
1
1
1
1
1
0
1
1
1
1
1
1
0
1
1
1
1
1
1
1
1
1
1
1
1
1
1
1
1
1
1
1
1
1
1
1
1
1
1
1
1
1
1
1
1
1
1
1
0
1
1
0
1
1
1
1
1
1
1
1
1
1
1
1
1
1
1
1
1
1
1
1
1
1
1
1
1
1
1
1
1
0
1
1
1
1
1
1
1
1
1
1
1
1
1
0
1
1
1
1
