392
186
336
165
359
321
253
290
281
234
378
242
14
265
5
47
303
205
241
347
70
343
262
50
312
24
236
291
142
217
247
148
90
198
227
95
152
289
77
30
387
290
86
337
194
54
379
261
313
127
81
224
142
169
187
64
240
264
229
291
314
267
219
157
77
382
197
167
278
381
50
29
265
42
221
183
202
153
295
331
33
355
231
361
341
348
385
51
146
206
191
156
287
175
311
342
21
171
190
241
256
257
47
238
287
214
369
328
374
104
140
164
130
97
367
14
166
59
22
297
353
254
133
239
294
333
66
388
137
281
21
314
195
367
215
68
67
180
205
313
254
105
291
114
289
340
134
284
27
360
323
39
333
146
383
142
308
151
119
100
291
379
31
46
46
244
211
108
309
52
191
193
48
254
99
179
284
349
320
123
81
297
240
233
215
190
367
115
3.84943706228931
0.0856156312517102
186
1
1
1
1
1
1
1
1
1
1
1
1
1
1
0
1
1
1
1
1
1
1
1
1
1
1
1
1
1
1
1
1
1
1
1
1
1
1
1
1
1
1
1
1
0
1
1
1
1
1
1
1
1
1
1
1
1
1
1
1
1
1
1
1
1
1
0
1
1
1
1
1
1
0
1
0
0
1
1
1
1
1
1
1
1
1
1
1
1
1
1
1
1
1
1
1
1
1
1
1
1
1
1
1
1
1
1
1
1
1
1
1
1
1
1
1
1
1
1
1
1
1
1
1
1
1
1
1
1
1
1
1
0
1
1
1
1
1
0
0
1
1
1
1
1
1
1
1
1
0
1
1
1
1
1
1
1
1
1
1
1
1
0
1
1
1
1
1
1
1
1
1
1
1
1
1
1
1
1
1
1
1
1
0
1
1
