712
92
85
212
461
33
34
538
339
46
82
23
67
93
192
449
701
694
461
587
44
612
39
43
597
692
390
706
524
13
675
569
29
426
502
112
680
112
3
145
426
157
469
27
430
274
448
564
144
413
500
701
248
696
629
679
328
361
193
252
554
173
536
699
281
664
668
296
619
35
23
626
6
363
603
45
191
508
167
402
22
252
349
467
323
213
503
245
280
654
318
30
366
52
3.11811037010732
0.281430739619849
92
0
1
1
1
1
1
1
1
1
1
1
1
1
1
1
1
1
1
1
1
1
1
1
1
0
1
1
1
1
1
0
0
1
1
1
1
0
1
1
1
0
1
0
1
1
1
1
1
1
1
1
0
1
0
1
1
0
1
1
1
1
0
0
1
0
1
1
1
1
1
0
0
1
0
1
1
1
1
1
1
1
0
1
1
1
1
1
1
1
0
1
1
