774
162
171
161
104
242
108
328
491
37
215
61
533
160
289
449
672
151
165
45
609
466
340
471
20
598
78
739
693
146
225
624
78
713
512
77
494
391
513
199
645
538
60
56
523
400
322
632
452
258
626
14
459
713
513
105
134
678
447
510
37
160
298
159
145
97
570
173
85
87
460
226
552
531
654
568
622
260
707
65
526
14
573
55
660
292
17
556
247
328
279
194
174
725
378
84
434
148
508
207
192
186
308
115
193
442
165
186
489
640
221
736
724
617
773
360
11
114
550
617
452
705
470
41
581
560
296
79
89
323
312
310
705
462
638
758
232
194
758
568
743
595
747
559
298
359
354
89
404
438
650
446
98
291
34
478
326
273
693
625
724
52
621
728
4.0785096855995
0.070254157445352
162
0
0
1
1
1
1
1
0
1
1
1
1
1
1
1
1
1
1
1
1
1
1
1
1
1
1
1
1
1
1
1
0
1
1
0
1
1
1
1
1
1
1
1
1
1
1
1
1
1
1
1
0
0
1
1
1
1
1
1
1
1
1
1
1
1
1
1
0
1
0
1
1
1
1
1
1
1
1
1
1
1
1
1
1
0
1
1
0
1
1
1
1
1
1
1
1
1
1
1
1
1
1
1
1
1
1
1
1
1
1
1
0
1
1
0
1
1
1
1
1
1
0
1
1
1
1
1
1
1
1
0
1
1
1
1
1
1
1
1
1
1
0
1
1
1
1
0
1
1
1
1
1
1
1
1
1
1
1
1
1
1
1
