835
104
816
609
217
782
2
162
316
475
93
256
627
674
684
344
60
589
499
84
118
392
482
87
376
433
570
471
818
163
101
472
739
283
77
658
16
482
627
786
634
165
374
795
830
826
734
130
628
103
390
833
298
236
61
253
440
531
536
66
139
801
638
61
585
258
212
58
514
189
682
407
395
427
696
799
585
704
500
303
593
215
333
409
229
549
616
597
168
108
530
348
727
231
37
393
581
727
114
638
80
137
78
507
25
786
8.81655096999723
0.0115067428417125
104
1
1
1
1
1
1
1
1
1
1
1
1
1
1
1
1
1
1
1
1
1
1
1
1
1
1
1
1
1
1
1
1
1
1
1
1
1
1
1
1
1
1
1
1
1
1
1
1
1
1
1
1
1
1
1
1
1
1
1
1
1
1
1
1
1
1
1
1
1
1
1
1
1
1
1
1
1
1
1
1
1
1
1
1
1
1
1
1
1
1
1
1
1
1
1
1
1
1
1
1
1
1
1
1
