725
172
614
187
92
326
292
423
404
643
324
223
609
439
657
508
304
723
588
175
663
686
128
662
594
132
314
628
143
593
223
693
262
581
643
243
641
284
548
310
347
356
242
431
557
29
660
178
27
5
208
228
544
260
175
693
694
219
73
227
214
146
658
719
540
514
148
277
595
600
286
143
234
378
177
467
102
627
614
544
187
490
349
391
320
307
405
283
63
125
395
667
70
333
433
708
344
384
674
473
662
503
135
25
308
459
657
72
172
703
313
218
288
604
379
260
358
485
263
386
524
665
10
392
630
427
618
567
207
89
256
66
4
296
57
412
556
562
570
467
633
258
30
21
639
617
373
464
225
215
409
556
290
285
445
570
583
118
313
79
199
70
58
279
679
157
706
365
24
205
464
711
137
667
3.37359878521287
0.263820413178408
172
0
0
0
1
1
1
1
0
0
1
1
0
1
1
1
1
0
1
1
0
0
1
0
1
0
1
0
1
1
1
1
1
0
1
1
1
1
1
1
1
0
1
1
1
1
1
1
1
1
1
1
1
1
0
0
1
1
1
0
0
1
1
0
0
1
1
1
1
1
0
1
0
1
1
1
1
1
1
1
0
1
1
1
1
1
1
1
0
1
1
0
1
1
1
1
1
0
1
1
0
1
1
1
1
0
1
1
1
1
1
1
1
1
0
1
1
1
1
1
0
1
1
1
0
1
1
1
1
1
0
1
0
1
0
1
1
1
0
0
1
1
1
1
1
1
0
0
1
1
0
1
0
0
0
1
1
1
0
1
0
1
0
0
1
1
1
1
1
1
0
0
1
