347
100
254
316
3
309
273
83
228
143
21
237
211
135
35
299
6
270
30
127
291
260
164
305
62
269
60
296
318
96
215
43
167
168
338
296
342
341
220
140
243
274
232
36
175
332
187
116
272
224
180
1
99
162
32
246
54
182
163
105
213
40
34
175
277
204
123
8
137
13
140
188
78
345
215
323
92
285
18
280
337
78
172
65
96
196
161
175
158
250
232
7
221
233
270
144
334
275
57
111
332
15
0.170940405214283
0.217290271050089
100
1
1
0
1
1
0
1
1
1
0
0
1
0
1
0
1
1
0
1
0
1
1
0
0
1
1
1
0
1
0
0
1
1
1
0
1
1
0
1
0
0
1
1
0
1
1
1
1
1
1
1
0
1
1
1
0
1
1
0
1
1
1
1
1
0
0
1
1
1
0
0
0
0
1
1
1
1
1
0
1
1
0
1
1
1
1
1
0
1
1
1
0
0
1
1
1
1
1
1
1
