186
182
171
80
179
130
162
131
90
176
122
96
107
27
61
129
94
99
128
65
33
12
8
118
89
53
149
131
40
17
136
64
99
55
180
69
113
64
175
61
28
34
101
99
34
98
8
131
108
33
162
88
9
174
181
59
178
62
24
145
85
0
48
113
69
186
12
82
118
101
140
38
118
153
181
60
112
184
56
69
137
58
168
56
144
116
126
114
87
181
33
185
12
10
49
152
122
91
16
165
28
185
102
37
94
121
54
93
114
67
146
185
51
44
31
32
92
85
179
137
45
0
184
44
17
50
174
86
0
26
83
174
41
70
129
33
145
81
155
11
83
137
53
119
8
124
129
8
131
8
0
36
46
116
26
105
116
153
50
86
12
147
172
172
81
67
61
120
148
86
165
173
41
56
105
70
3
0
87
3
137
15
69
134
6.31997014704406
0.274973786174946
182
1
0
0
1
1
1
1
1
0
1
1
1
1
0
0
1
1
1
0
1
1
0
1
1
1
1
1
0
0
1
1
1
1
1
0
0
0
1
0
0
1
0
1
1
1
1
1
0
0
1
1
1
1
1
0
1
1
1
1
1
0
1
1
0
1
1
1
1
1
1
1
1
1
0
0
1
0
1
0
1
1
0
1
0
1
1
1
1
1
1
1
1
1
1
1
1
1
0
1
0
0
0
1
1
1
1
1
1
1
0
0
0
1
0
1
1
1
0
1
1
1
0
1
1
0
0
1
1
1
0
0
1
0
1
1
1
1
1
1
1
1
0
1
1
0
1
0
1
1
1
1
1
0
1
1
1
1
1
1
1
1
0
1
1
1
1
1
1
1
1
0
0
0
1
0
0
1
1
1
1
0
1
