891
196
741
371
593
205
716
458
239
305
817
843
194
577
668
634
123
446
189
804
411
645
843
264
719
422
204
777
396
550
70
493
476
33
844
189
279
687
17
220
252
586
285
455
228
834
353
406
39
559
358
356
94
745
607
573
758
864
825
241
353
756
612
479
702
492
732
421
259
320
701
231
859
753
367
664
775
39
533
295
653
626
554
204
261
217
849
212
479
548
287
254
809
178
437
624
15
262
42
298
883
848
448
760
564
777
751
77
126
718
618
172
822
131
347
22
145
343
649
527
510
498
470
715
154
102
150
344
832
295
109
696
55
51
681
62
271
176
100
158
112
716
73
509
460
15
843
99
157
773
744
744
786
480
429
586
374
356
652
243
112
128
852
22
68
869
630
731
513
230
766
290
792
794
571
221
638
101
420
684
303
296
716
221
463
37
642
561
305
222
554
85
131
389
390
666
191
367
7.788849188629
0.0644967546871218
196
1
1
1
1
1
1
1
1
1
1
1
1
1
1
1
1
1
1
1
1
1
1
1
1
1
1
1
1
1
1
1
1
1
1
1
1
1
1
1
1
1
1
1
1
1
1
0
1
1
1
1
1
1
1
1
1
1
1
1
0
0
1
1
1
1
1
1
0
1
0
1
1
1
1
0
1
1
1
1
1
1
1
1
1
1
1
1
1
1
1
1
1
1
1
0
1
1
1
1
1
1
1
1
1
1
1
1
1
1
1
1
1
1
1
1
1
1
1
1
1
1
1
0
1
1
1
1
1
1
1
1
1
1
1
1
1
1
1
1
1
1
1
1
1
1
1
1
1
1
1
1
1
1
1
1
1
1
1
1
1
1
1
1
1
1
1
1
1
1
1
1
1
1
1
0
1
0
1
1
1
1
1
1
1
1
1
1
1
1
1
1
1
1
1
1
1
