713
106
395
533
295
636
288
400
575
657
67
78
235
482
473
14
630
46
395
495
541
428
456
247
88
80
291
527
625
392
681
706
234
214
486
526
162
543
211
409
426
151
362
174
699
396
676
627
241
635
284
459
395
56
686
243
667
123
470
106
422
334
687
166
473
188
161
248
380
467
369
232
708
107
533
398
559
49
403
631
69
212
143
491
312
303
399
374
285
176
310
228
60
0
504
111
668
377
247
144
320
507
389
463
587
498
28
658
4.24756275947917
0.300123916010872
106
0
1
1
1
1
1
1
1
0
1
0
1
1
1
1
1
0
1
0
1
0
1
1
0
0
1
1
1
0
0
1
1
1
1
1
1
1
1
1
0
1
1
0
1
0
0
1
1
1
1
1
1
1
1
1
0
1
0
0
1
1
1
0
0
1
1
1
0
1
1
1
1
1
1
1
1
0
1
1
0
1
1
1
0
1
1
0
1
1
1
1
1
0
1
0
1
0
0
0
0
1
1
1
1
1
0
