731
178
71
602
562
374
304
225
451
335
340
286
688
229
217
92
553
729
555
692
225
317
281
118
76
582
176
513
158
621
423
191
519
514
588
504
675
35
695
296
56
585
140
245
45
347
495
211
613
200
162
497
661
567
623
651
354
617
211
87
574
52
439
235
557
145
487
672
379
70
119
249
80
617
545
415
439
494
327
413
171
466
699
328
241
400
240
431
250
276
312
704
100
481
626
400
26
632
391
484
200
296
481
330
164
95
93
287
175
53
267
394
676
278
36
362
725
27
9
240
710
63
273
189
642
82
705
10
216
486
328
181
46
280
245
80
477
86
398
617
190
117
351
302
427
224
645
108
44
241
266
626
244
261
449
373
9
511
567
34
280
6
629
694
327
561
720
69
558
406
371
70
208
697
229
293
562
270
382
320
7.77677009798865
0.212401073557966
178
0
1
1
1
1
1
1
1
1
1
1
1
1
1
1
1
0
1
1
1
1
1
1
0
1
0
1
1
1
0
1
1
0
1
1
1
1
0
1
1
1
1
1
1
1
1
1
0
0
1
1
1
1
0
1
1
1
0
1
1
1
0
1
1
1
0
1
1
1
1
1
0
0
1
1
1
1
1
1
1
1
0
0
1
0
1
0
0
1
1
1
1
1
0
1
1
1
1
1
1
1
1
1
1
1
1
1
0
1
0
1
1
1
0
1
1
0
1
0
1
1
1
0
1
1
1
1
1
1
1
1
1
0
1
1
0
1
1
1
1
1
0
1
0
1
1
1
1
1
1
1
1
1
1
0
1
0
1
1
1
1
1
1
1
1
1
1
1
1
1
0
0
1
1
1
0
1
1
