541
170
212
505
17
23
324
413
5
30
414
26
519
415
348
269
453
470
402
414
345
169
150
176
183
15
176
148
282
345
122
235
136
148
356
537
271
328
527
338
525
155
232
222
140
39
188
403
289
346
252
346
379
250
473
239
248
167
471
119
421
358
18
155
41
74
282
260
360
124
45
188
295
54
470
260
1
312
51
385
247
378
160
502
436
306
320
127
284
48
307
86
437
291
518
22
77
260
34
184
35
115
136
260
145
228
291
421
503
500
30
149
44
404
39
387
66
387
36
436
408
415
88
416
278
89
307
153
228
222
503
19
177
479
398
262
536
6
277
267
527
334
51
428
47
16
500
320
481
322
246
252
170
288
88
100
329
374
212
63
210
204
56
503
437
520
165
538
265
158
294
144
1.69732397186441
0.089995089568205
170
1
1
0
1
0
0
1
0
1
1
1
1
1
0
1
0
1
1
1
0
1
1
1
1
1
1
1
1
1
1
1
1
1
1
0
1
1
1
0
1
1
0
1
1
1
0
1
1
1
1
1
1
1
1
1
1
1
1
1
0
1
1
1
1
1
1
1
1
1
1
1
1
1
1
1
1
1
1
1
0
0
1
1
1
1
1
1
1
0
1
1
1
1
1
1
1
1
0
1
0
1
1
1
1
1
1
1
1
1
1
0
0
1
1
1
1
1
1
1
1
1
1
0
0
1
1
1
0
1
1
1
1
1
0
1
1
1
1
1
1
1
1
1
1
1
1
1
1
0
1
1
1
1
1
1
0
1
1
1
1
1
1
1
1
1
1
1
1
0
1
