858
94
484
25
516
824
192
735
471
565
582
716
313
571
655
144
92
492
336
165
22
326
178
639
308
653
783
484
37
244
606
244
159
399
833
445
485
724
195
479
9
699
683
103
637
177
614
239
707
540
18
127
578
141
658
746
673
9
777
95
854
239
538
555
366
149
629
420
835
117
767
17
154
381
693
344
194
566
442
730
496
34
588
338
799
314
560
143
693
715
798
245
809
617
357
441
0.215537072560962
0.0889078858844574
94
1
1
0
1
1
1
1
1
1
1
1
0
1
1
1
1
0
0
0
1
1
1
1
1
1
1
1
1
1
1
1
1
0
0
1
1
1
0
1
1
0
1
1
1
1
1
1
0
1
0
1
1
1
1
1
0
1
1
1
1
1
1
1
1
0
1
1
1
1
1
1
1
1
1
1
1
1
1
1
1
1
0
0
1
1
1
1
1
1
1
1
1
1
1
