463
86
188
133
257
334
27
122
338
206
159
164
72
447
393
397
238
30
28
440
55
212
155
440
442
325
203
261
399
68
413
163
201
337
109
137
106
440
409
205
114
59
201
85
397
453
268
265
359
291
326
184
131
23
288
347
388
459
288
192
168
267
199
227
77
91
167
274
437
365
400
346
302
57
95
21
333
107
251
299
116
392
438
230
251
347
135
45
8.45917370571866
0.281463827044893
86
1
1
1
1
1
1
1
1
1
1
0
0
1
1
1
0
1
1
0
1
1
0
1
0
0
1
1
1
1
1
1
1
0
0
0
0
0
1
1
1
0
0
1
0
1
1
1
1
1
1
1
1
0
0
1
0
0
1
0
0
1
1
1
1
0
1
1
0
1
1
1
1
0
1
1
1
1
1
1
1
0
1
0
1
1
1
