588
158
49
540
62
25
469
278
75
573
131
179
545
145
126
54
268
146
396
134
98
447
518
321
12
261
344
364
15
424
31
548
203
205
461
574
465
401
375
491
355
585
387
499
104
191
491
84
531
500
205
194
386
513
555
8
421
549
117
571
103
281
428
337
78
321
4
230
444
420
119
49
211
573
468
325
583
277
176
274
490
11
56
350
197
127
398
498
258
541
108
586
55
76
533
127
135
37
337
471
470
443
322
381
509
421
450
177
160
114
129
198
193
459
554
466
474
471
5
86
134
422
363
310
545
511
93
456
305
321
30
518
475
113
555
378
274
356
375
272
223
257
66
261
121
61
155
257
514
365
584
239
460
342
377
88
568
573
172
471
1.70486032133972
0.308927227343851
158
1
1
0
0
1
1
0
1
0
1
1
1
0
1
1
1
1
1
1
1
1
1
1
1
0
1
1
1
1
1
1
1
1
1
1
1
0
1
1
1
0
1
0
1
0
1
1
1
0
1
1
1
1
0
1
0
0
0
0
1
1
0
1
1
1
0
1
1
1
1
0
1
0
0
0
0
0
0
1
0
1
1
0
0
0
0
1
1
1
0
1
1
0
1
1
1
1
0
1
1
1
1
1
0
1
1
1
1
0
0
1
1
1
1
0
1
1
1
1
1
1
1
1
1
0
1
0
1
1
1
0
1
0
1
1
1
1
1
1
1
1
0
0
0
1
1
1
1
1
0
1
0
1
1
0
1
1
1
