512
132
139
259
368
174
475
175
421
90
239
296
89
353
425
383
420
447
148
385
237
300
176
359
373
260
152
212
77
487
499
10
309
331
295
13
495
511
8
153
478
298
460
186
224
315
377
352
405
405
267
239
257
442
125
312
159
427
432
141
194
348
471
3
134
242
167
178
14
200
231
68
340
357
394
333
119
235
175
106
166
99
187
156
42
377
14
384
188
327
431
163
414
493
499
219
91
49
234
71
509
383
344
471
217
291
328
63
248
190
397
258
117
371
430
208
233
245
419
406
339
390
324
60
297
199
267
170
311
485
32
366
389
465
1.79237482256843
0.177899475171286
132
1
1
1
1
1
1
0
1
1
1
1
1
1
1
1
1
1
1
1
1
1
0
1
1
0
1
1
1
0
1
1
1
0
1
1
1
1
1
1
1
1
1
1
1
1
1
1
1
1
1
0
0
1
1
1
1
1
1
1
1
1
1
0
1
0
1
1
1
1
1
1
1
1
1
1
1
1
1
1
1
1
1
1
1
1
1
1
0
1
1
1
1
0
1
1
1
1
1
1
1
1
0
1
1
0
1
1
1
1
1
1
1
1
1
1
1
0
1
0
1
1
1
1
1
1
1
1
1
0
1
1
1
