622
160
229
421
341
104
552
577
443
303
509
156
101
165
334
341
524
183
123
95
257
477
229
517
604
522
447
306
447
223
574
313
397
336
521
134
162
560
375
236
554
164
542
253
530
41
302
498
258
100
352
275
279
521
553
550
548
324
521
457
210
153
510
32
308
389
250
108
402
502
596
304
426
163
47
207
310
260
582
103
3
370
589
37
135
609
509
235
432
215
306
199
445
212
401
16
405
415
594
417
323
375
275
414
452
134
329
49
472
459
583
73
230
381
54
544
21
426
155
430
446
202
592
421
484
446
145
470
565
516
94
461
64
233
261
161
84
325
383
242
575
587
413
232
457
8
150
530
123
283
231
89
92
103
480
28
362
538
601
174
278
295
4.51337741817333
0.0281887202724606
160
1
1
1
1
1
1
1
1
1
1
1
1
1
1
1
1
1
1
1
0
1
1
1
1
1
1
1
1
1
1
1
1
1
1
1
1
1
1
1
1
1
1
1
1
1
1
1
1
1
1
1
1
1
1
1
1
1
0
1
1
1
1
1
1
1
1
1
1
1
1
1
1
1
1
1
1
1
1
1
1
1
1
1
1
1
1
1
1
1
1
1
1
1
1
1
1
1
1
1
1
1
1
1
1
1
1
1
1
1
1
1
1
1
1
1
1
1
1
1
1
1
1
0
0
1
1
1
1
1
1
1
1
1
1
1
1
1
1
1
1
1
1
1
1
1
1
1
1
1
1
1
1
1
1
1
1
1
1
1
0
