870
84
37
368
710
832
703
346
267
253
446
477
107
611
65
81
600
397
401
2
444
322
841
668
746
665
370
670
136
575
653
564
274
80
562
14
148
609
114
800
717
516
803
686
626
304
498
50
504
548
299
433
718
406
367
819
276
525
858
33
113
183
646
202
649
792
548
516
336
263
527
136
61
2
343
869
250
437
491
453
259
746
325
606
21
252
7.54383680278564
0.0396575754140488
84
1
1
1
1
1
1
1
1
1
1
1
1
1
1
1
1
1
1
1
1
1
0
1
1
1
1
1
1
1
1
1
1
1
1
1
1
1
1
1
1
1
1
1
1
1
1
1
0
1
1
1
1
1
1
0
1
1
1
1
1
1
1
1
1
1
1
1
1
1
1
1
1
1
1
1
1
1
1
1
1
1
1
1
1
