255
108
65
253
67
103
27
2
32
47
124
41
130
195
151
22
13
120
131
246
7
163
205
31
59
142
116
140
93
190
127
128
55
14
194
186
58
55
34
91
179
128
106
50
14
209
126
118
129
38
101
30
186
115
89
17
244
144
13
135
43
38
170
85
55
147
182
43
54
239
85
49
128
28
114
67
104
48
244
201
161
96
251
115
56
87
54
190
204
78
175
175
73
70
118
89
9
82
105
103
117
160
194
78
163
242
142
119
175
158
2.20071594231628
0.0145686599945594
108
1
1
1
1
1
1
1
1
1
1
1
1
1
1
1
1
1
1
1
1
1
1
1
1
1
1
1
1
1
1
1
1
1
1
1
1
1
1
1
1
1
1
1
1
1
1
1
1
1
1
1
1
1
1
1
1
1
1
1
1
1
1
1
1
1
1
1
1
1
1
1
1
1
1
1
1
1
1
1
1
1
1
1
1
1
1
1
1
1
1
1
1
1
1
1
1
1
1
1
1
1
1
1
1
1
1
1
1
