185
188
44
35
162
12
82
66
39
49
129
162
20
52
66
80
115
137
55
159
68
45
154
109
67
114
88
141
65
11
9
77
86
78
64
137
69
176
47
72
146
50
110
51
118
94
141
25
30
112
132
96
175
51
12
45
78
43
40
4
118
30
175
77
112
50
25
68
87
38
8
125
84
99
111
139
26
83
95
5
153
175
17
117
63
176
57
88
182
117
105
71
56
48
135
100
101
5
107
131
105
143
161
25
152
177
5
125
159
112
146
118
45
96
63
55
31
23
168
35
59
78
70
64
170
136
125
11
62
119
41
147
60
83
10
185
13
90
142
86
125
169
13
173
83
30
184
163
128
74
133
0
122
43
81
117
25
14
7
12
157
149
184
28
106
154
145
48
184
36
33
155
153
112
22
75
102
144
54
179
132
68
178
166
32
46
37
42
131
125
5.39228579551386
0.145569770035053
188
1
1
1
1
1
1
1
0
0
0
0
1
1
1
1
1
1
1
1
1
0
1
1
1
1
1
1
1
1
1
1
1
1
1
1
1
1
1
1
1
1
1
1
1
1
1
1
1
1
1
1
1
1
1
0
1
1
1
1
1
1
1
0
1
1
1
1
1
1
1
0
1
1
1
1
1
1
1
1
1
1
1
1
1
1
1
1
1
1
1
1
1
1
1
1
1
1
1
1
1
1
1
1
1
1
1
1
0
1
1
0
1
1
1
0
0
0
1
1
0
1
1
1
1
1
1
1
1
1
1
0
1
1
1
0
1
1
1
1
1
1
1
1
0
1
0
1
1
1
1
1
1
1
1
1
1
1
1
0
1
1
1
1
1
1
1
1
1
1
1
1
1
1
1
1
1
1
1
0
0
0
1
1
1
1
1
1
1
