536
138
50
139
324
425
529
187
337
345
419
36
438
87
483
511
114
111
144
423
216
169
13
500
102
520
194
83
308
259
337
188
73
162
137
254
86
90
498
131
361
473
397
126
276
330
392
231
482
80
145
425
355
122
18
269
303
70
386
481
168
109
114
236
77
317
127
488
497
390
322
477
231
252
273
342
124
138
204
279
522
438
215
464
144
281
63
226
183
335
24
367
112
120
156
167
373
471
237
44
69
30
444
212
273
295
456
215
184
13
236
346
397
36
50
176
65
143
295
215
94
346
169
297
282
275
459
164
308
480
102
370
249
107
523
526
158
477
501
149
7.41396390184947
0.189233905145169
138
0
0
0
1
1
1
1
1
1
1
1
1
1
1
1
1
1
1
1
0
1
0
1
1
0
1
1
1
1
1
1
1
1
0
1
0
1
0
1
1
1
0
1
0
1
0
1
1
1
1
1
1
1
1
1
1
1
1
1
1
1
0
0
1
1
1
1
1
1
0
1
1
1
1
1
1
1
1
1
1
1
1
1
0
0
0
1
1
1
1
1
1
1
1
1
1
0
1
0
1
1
1
1
1
1
1
1
1
1
1
1
1
0
1
1
0
1
1
1
1
1
1
1
1
1
1
0
1
0
1
1
1
1
1
1
0
0
1
