814
128
471
245
793
769
741
806
667
370
387
411
479
283
244
25
198
191
82
0
564
247
437
71
427
363
646
477
425
808
557
631
141
230
580
66
769
313
139
618
328
185
354
143
181
703
696
97
342
697
322
76
707
538
329
246
357
225
755
88
554
653
747
391
235
711
254
542
232
759
753
585
270
702
666
581
198
732
689
283
285
76
25
276
643
587
220
520
668
507
39
508
1
696
426
48
535
99
122
580
264
505
281
89
393
332
118
204
540
107
497
659
698
417
243
211
677
646
467
600
388
563
784
17
696
233
498
393
739
627
4.71190158520338
0.37426067581199
128
1
1
1
0
0
1
1
0
1
1
0
1
1
1
1
0
0
1
0
1
1
0
1
1
1
1
0
0
1
0
1
0
0
1
1
0
1
0
1
0
1
1
0
1
0
0
1
0
1
1
0
1
0
1
0
1
1
1
1
1
1
1
1
1
1
1
0
1
1
0
0
0
0
0
0
0
1
0
0
1
1
1
0
1
0
1
1
1
1
1
0
0
1
1
1
1
0
1
1
1
1
1
1
1
1
0
1
1
0
1
0
1
0
0
1
1
0
1
1
1
1
0
0
1
0
0
1
1
