483
152
87
377
392
8
143
365
186
297
427
201
23
259
251
293
430
467
475
29
297
203
166
314
390
202
254
471
181
469
354
181
466
114
415
403
341
465
113
170
236
165
162
458
214
328
338
429
454
153
248
239
254
173
294
106
111
222
274
427
192
8
384
425
111
383
383
149
348
353
392
405
300
300
58
455
456
341
169
351
353
396
119
168
49
330
182
480
390
47
454
294
98
38
134
24
41
318
203
195
134
222
215
104
250
397
228
458
287
113
32
391
388
375
0
242
176
47
80
327
26
300
354
211
325
322
32
23
243
371
220
375
70
449
418
170
169
471
201
356
105
420
281
283
397
238
59
125
109
422
262
162
114
158
3.93729111860193
0.0105722203039072
152
1
1
1
1
1
1
1
1
1
1
1
1
1
1
1
1
1
1
1
1
1
1
1
1
1
1
1
1
1
1
1
1
1
1
1
1
1
1
1
1
1
1
1
1
1
1
1
1
1
1
1
1
1
1
1
1
1
1
1
1
1
1
1
1
1
1
1
1
1
1
1
1
1
1
1
1
1
1
1
1
1
1
1
1
1
1
1
1
1
1
1
1
1
1
1
1
1
1
1
1
1
1
1
1
1
1
1
1
1
1
1
1
1
1
1
1
1
1
1
0
1
1
1
1
1
1
1
1
1
1
1
1
1
1
1
1
1
1
1
1
1
1
1
1
1
1
1
1
1
1
1
1
