901
106
199
567
890
583
221
815
353
615
642
287
673
728
237
565
172
211
456
215
112
173
83
83
369
897
100
412
271
438
728
493
144
106
819
331
883
642
134
562
540
234
369
674
192
417
563
807
440
457
595
139
70
616
71
150
415
288
102
838
478
72
104
175
668
818
506
603
749
106
631
291
305
475
448
672
891
780
156
794
92
507
525
503
357
222
888
377
894
716
212
201
764
15
575
866
38
31
99
510
585
586
440
622
705
752
218
688
0.311339776001411
0.249379802614541
106
1
1
1
1
1
1
1
1
1
1
1
1
1
0
0
1
0
1
1
1
1
0
1
0
1
0
1
0
0
0
1
1
1
1
1
0
1
0
0
1
0
0
0
1
0
1
1
0
1
0
1
0
1
1
1
1
1
1
1
1
1
1
1
1
1
0
1
1
1
1
1
1
1
1
0
0
0
0
1
1
1
1
1
1
1
1
1
1
1
1
1
1
1
1
1
1
1
1
1
1
1
1
1
1
1
1
