887
188
653
239
788
642
611
882
46
266
54
603
276
273
20
792
710
471
363
201
162
585
564
633
263
554
591
601
303
285
632
348
743
779
446
419
129
628
342
463
61
331
41
769
664
886
814
285
172
534
376
522
607
650
111
25
291
313
75
133
600
822
839
456
437
709
47
606
618
230
224
602
116
211
562
501
698
381
16
607
173
540
623
150
809
203
630
149
520
482
387
423
293
340
492
779
154
529
524
40
732
393
777
397
748
529
529
434
723
790
442
428
112
132
645
229
354
269
164
462
725
339
218
819
600
653
390
750
785
281
136
869
295
647
795
343
609
834
689
837
566
39
179
90
365
303
438
376
117
683
471
295
242
883
880
761
318
369
318
86
101
145
685
762
491
71
604
265
159
554
161
449
397
183
182
86
723
792
635
19
786
829
187
256
366
669
68
861
603
734
3.19893717259854
0.206224174666818
188
1
1
0
1
1
1
1
1
1
1
1
1
1
1
1
1
0
1
0
1
1
1
1
1
1
1
1
1
0
0
0
1
0
0
1
0
1
1
1
1
0
1
1
1
1
1
1
0
1
1
1
0
0
1
1
1
1
0
0
1
1
0
0
1
0
1
1
1
1
1
1
1
1
1
0
1
1
0
1
1
1
1
1
1
1
0
1
1
1
1
1
1
1
1
0
1
1
1
1
1
1
0
1
0
1
1
1
1
1
1
1
1
1
1
1
1
1
1
0
1
1
1
1
1
1
1
1
0
0
0
1
0
1
1
1
1
1
1
1
1
1
1
1
1
0
1
1
1
1
1
1
1
1
1
1
1
1
0
1
1
0
0
0
1
1
1
0
0
0
0
0
1
1
1
1
1
1
1
1
0
0
1
1
1
1
1
1
1
