478
120
148
453
261
181
130
406
157
94
332
329
105
106
332
194
458
54
136
373
399
21
473
450
62
196
427
135
274
231
52
272
426
193
341
451
298
52
164
464
283
19
65
180
43
243
463
51
392
63
20
462
204
141
185
22
337
395
107
305
322
51
410
190
186
121
421
307
91
22
463
363
40
294
273
408
276
419
43
69
261
171
81
19
176
86
424
91
211
152
25
141
347
327
168
385
414
346
280
379
389
256
82
10
33
136
270
185
271
215
32
10
178
138
174
64
382
233
417
409
106
129
1.07087079184694
0.31766197661179
120
1
0
1
0
0
1
1
0
1
0
1
1
1
1
0
0
1
0
1
1
1
1
0
0
1
1
1
1
1
1
1
0
1
1
1
1
1
1
1
0
0
0
0
1
0
1
0
1
1
1
0
1
1
1
0
1
1
0
0
1
1
1
1
0
1
1
1
1
1
1
1
1
0
0
0
1
1
1
1
0
0
1
1
0
1
1
1
1
1
1
1
0
1
0
1
1
1
1
0
0
1
1
0
0
1
1
0
1
1
0
1
0
0
1
1
1
0
0
1
1
