458
134
358
163
454
51
219
160
304
140
396
113
131
366
201
45
274
416
0
42
165
246
287
198
212
154
37
107
310
2
119
250
306
449
61
51
209
62
175
252
268
235
314
9
134
31
422
31
448
286
342
102
151
232
180
81
46
193
120
406
410
109
297
188
169
235
112
247
398
185
297
212
48
310
336
164
331
113
148
346
132
285
127
312
420
73
80
34
349
353
332
374
432
448
238
414
258
267
359
338
446
425
33
385
122
14
28
363
259
373
296
422
457
308
354
277
177
117
208
430
237
89
456
57
448
143
160
191
14
437
263
88
217
239
421
73
2.88577550163587
0.165324250711808
134
1
1
1
1
1
0
1
1
1
0
1
1
1
1
1
1
0
1
1
1
0
1
1
1
0
1
1
1
1
1
1
1
0
1
0
1
1
1
1
1
1
1
0
1
1
0
1
1
1
1
1
1
1
1
1
1
1
1
0
1
1
0
0
0
0
1
1
1
0
1
1
0
0
1
1
1
1
1
1
1
1
1
1
1
0
1
1
1
1
1
1
1
1
1
1
1
1
0
1
1
1
1
0
1
0
1
1
0
1
1
0
1
1
1
0
0
1
1
1
1
1
1
0
1
1
0
1
1
1
0
1
1
1
1
