294
122
142
228
188
195
239
75
168
15
27
261
78
282
260
281
187
47
127
175
123
193
228
188
137
82
221
77
288
235
141
13
104
281
125
109
196
198
103
148
36
91
226
131
86
126
233
129
128
72
97
53
6
188
259
138
268
140
153
60
170
282
176
266
47
55
165
52
86
231
166
115
59
264
68
253
270
166
49
228
179
75
204
51
92
90
88
1
181
83
109
172
249
230
253
279
83
292
282
271
67
187
177
41
125
282
133
44
56
92
8
269
273
121
219
36
69
220
86
3
143
251
158
12
5.38517431787921
0.241310186796261
122
1
1
0
0
1
1
0
1
1
1
1
1
1
1
1
1
0
0
1
0
0
0
1
1
1
1
0
0
0
1
1
1
1
1
1
1
1
1
1
1
1
0
1
0
1
1
1
1
1
1
1
1
1
1
1
1
1
0
1
0
1
1
1
1
0
0
0
1
0
1
1
1
1
1
1
1
0
0
1
1
1
1
1
0
1
0
1
1
1
1
1
1
1
0
0
1
1
0
0
1
1
1
1
0
1
1
1
1
0
1
0
0
1
1
0
1
0
1
1
1
0
1
