611
124
325
52
198
312
96
85
282
17
206
415
535
349
131
500
486
362
408
499
79
517
355
153
421
166
448
583
426
484
538
237
205
7
591
157
442
467
408
553
135
72
202
18
26
180
359
476
438
388
526
190
344
41
49
24
84
541
502
520
490
570
413
287
15
34
434
400
493
246
608
259
415
522
180
333
418
299
597
108
579
133
19
435
377
289
126
62
176
371
334
414
386
428
228
63
170
88
218
551
150
267
112
287
448
418
529
213
180
465
114
52
406
343
288
136
212
133
376
124
299
339
358
610
343
2
9.17396876494973
0.261065302015816
124
1
1
0
1
1
1
1
1
1
1
1
1
0
0
1
0
1
0
1
1
1
1
0
0
1
1
1
1
1
0
1
1
0
1
0
1
0
1
1
1
0
1
1
1
1
1
0
1
1
1
0
1
1
1
1
0
1
1
1
1
1
1
1
0
1
1
0
1
0
0
0
1
1
1
1
1
1
1
1
1
0
1
1
0
1
1
1
1
1
1
1
1
0
0
1
0
0
1
1
1
1
1
1
0
1
0
1
1
1
1
1
1
0
0
1
1
1
1
1
1
0
0
1
0
