480
100
288
340
86
116
423
198
103
307
300
100
130
80
187
135
54
438
168
24
96
119
461
441
246
165
385
80
341
427
79
290
49
111
13
434
44
59
241
164
130
411
408
464
176
33
224
366
173
298
360
159
226
66
459
0
446
383
126
109
6
407
439
100
369
232
313
13
82
134
103
113
446
469
22
304
136
180
25
78
116
142
41
361
280
373
8
418
256
316
316
392
247
331
18
57
247
93
359
374
117
80
0.0504350831125877
0.00390253267882712
100
1
1
1
1
1
1
1
1
1
1
1
1
1
1
1
1
1
1
1
1
1
1
1
1
1
1
1
1
1
1
1
1
1
1
1
1
1
1
1
1
1
1
1
1
1
1
1
1
1
1
1
1
1
1
1
1
1
1
1
1
1
0
1
1
1
1
1
1
1
1
1
1
1
1
1
1
1
1
1
1
1
1
1
1
1
1
1
1
1
1
1
1
1
1
1
1
1
1
1
1
