809
152
291
345
30
216
510
687
609
408
10
19
307
349
558
670
553
627
104
626
335
330
370
417
398
611
431
502
583
353
461
738
216
803
5
474
470
339
625
87
74
143
597
277
149
599
565
57
58
220
64
263
168
277
356
383
46
319
569
128
594
454
260
184
262
192
141
452
12
293
733
529
98
733
519
510
300
502
423
5
82
47
387
133
128
480
398
619
261
737
109
553
553
446
50
262
679
29
544
318
11
108
162
772
402
491
568
484
581
339
636
779
694
61
347
334
422
342
651
392
218
44
670
208
250
272
542
173
60
654
245
20
503
291
305
523
39
597
650
537
451
772
404
463
807
372
326
400
428
716
780
82
672
119
5.21673434269254
0.207704668268737
152
1
1
0
1
1
0
0
1
1
1
1
1
1
1
1
1
0
1
0
0
1
0
0
1
1
1
1
1
1
1
1
0
1
1
1
1
1
0
1
1
1
1
1
0
1
1
1
1
1
0
1
1
1
1
0
0
1
1
1
0
1
1
0
1
1
1
1
0
1
1
0
0
1
0
1
0
1
1
1
1
1
1
0
1
1
1
0
1
1
1
1
1
1
1
1
1
1
0
1
1
1
0
1
1
1
1
1
1
0
0
0
1
1
0
1
1
1
1
1
1
1
1
1
1
1
1
0
1
1
1
1
1
1
1
1
0
1
1
1
1
0
1
1
1
1
1
1
1
1
0
1
1
