483
148
270
481
255
384
223
142
456
227
6
304
349
261
275
319
345
235
432
237
368
328
209
205
455
26
71
4
117
411
349
116
187
312
428
380
49
187
471
396
315
188
204
401
409
117
72
423
348
294
112
343
349
36
201
46
317
440
50
483
326
470
109
330
279
165
349
478
432
48
309
15
196
305
49
374
112
352
104
8
51
147
463
251
467
255
130
295
95
240
47
348
421
195
302
340
338
10
53
204
227
231
174
433
34
225
109
322
112
234
67
45
38
471
235
400
221
259
280
174
331
72
19
278
161
255
462
165
309
397
425
87
62
130
343
15
285
423
314
183
360
13
341
71
392
163
13
420
441
376
2.12906259940217
0.0271687042791647
148
1
1
1
1
1
1
1
1
1
1
1
1
1
1
1
1
1
1
1
1
1
1
1
1
1
1
1
1
1
1
1
1
1
1
1
1
1
1
1
1
1
1
1
1
1
1
1
1
1
1
1
1
1
1
1
1
1
1
0
1
1
1
1
1
1
1
1
1
1
1
1
1
1
1
1
1
1
1
1
1
1
1
1
1
1
1
1
1
1
1
1
1
1
1
1
1
1
1
1
1
1
1
1
1
1
1
1
1
1
1
1
1
1
1
1
1
1
1
1
1
1
1
1
1
1
1
1
1
1
1
1
1
1
1
1
1
1
1
1
1
1
1
1
1
1
1
1
1
