790
78
489
366
63
644
380
230
196
97
477
462
331
582
525
544
627
655
742
66
278
304
525
771
9
597
614
549
250
588
743
356
433
535
247
642
775
464
22
35
358
704
603
403
270
776
550
748
542
641
115
754
234
244
762
406
110
277
9
478
669
504
385
217
583
76
337
406
386
750
738
685
180
646
468
327
407
249
482
107
1.8616581414623
0.0356395881896148
78
1
1
0
1
1
1
1
1
1
1
1
1
1
1
1
1
1
1
1
1
1
1
1
1
1
1
1
1
1
1
1
1
0
1
1
1
1
1
1
1
1
1
1
1
1
1
1
1
1
1
1
1
1
0
1
1
1
1
1
1
1
1
1
1
1
1
0
1
1
1
1
0
1
1
1
1
1
1
