236
114
207
231
153
210
18
194
223
199
140
136
76
235
114
137
106
115
191
180
93
188
82
200
192
162
163
39
161
162
129
131
212
152
26
92
128
26
64
76
75
63
67
50
112
37
220
166
114
141
110
74
200
120
58
114
204
153
149
155
228
178
221
139
123
88
92
90
191
60
213
135
157
200
162
118
169
152
233
26
97
43
154
17
101
140
76
45
142
110
51
19
168
157
164
121
213
71
106
44
11
141
21
169
11
81
176
98
193
200
3
105
219
184
130
144
1.8709678152607
0.218466194967869
114
1
1
1
1
1
1
1
1
1
1
1
1
1
1
0
0
1
1
1
1
1
1
0
1
1
1
1
1
0
1
1
1
1
1
1
0
1
1
1
0
1
1
1
1
1
1
1
1
1
1
1
1
1
1
0
1
1
1
1
1
1
1
1
1
1
1
1
1
1
1
1
1
1
1
1
1
1
1
1
1
1
0
1
1
1
0
1
1
1
1
1
1
1
1
0
1
1
1
1
0
1
1
1
0
1
1
1
1
1
1
1
1
1
1
