746
84
186
602
389
216
493
156
66
173
100
221
409
464
65
661
223
687
129
388
635
330
640
508
309
273
610
134
731
703
237
372
39
562
85
614
282
138
371
599
498
307
1
522
709
96
423
452
50
605
218
27
95
543
11
618
577
664
118
86
253
482
534
164
319
48
108
467
324
660
82
573
534
421
357
466
309
276
142
375
624
288
482
87
242
51
3.33565867383655
0.189358278455176
84
0
1
1
1
1
1
1
1
1
1
1
1
0
1
1
0
0
1
1
1
1
1
1
1
0
1
1
1
1
1
0
1
1
1
1
1
1
0
1
1
1
1
1
1
1
1
0
1
0
1
1
0
0
1
1
1
0
0
1
1
1
1
1
1
1
0
1
1
1
1
1
1
1
1
0
1
1
1
1
0
1
1
1
0
