844
166
226
132
530
356
682
591
381
249
440
795
389
424
547
108
737
530
767
69
817
659
802
31
660
20
280
342
403
239
618
410
774
169
614
157
583
831
390
480
4
329
312
317
8
712
493
389
298
607
736
797
683
790
149
780
36
270
675
485
510
811
528
45
128
199
464
563
608
674
85
844
291
755
814
252
91
445
634
607
447
539
418
561
527
359
152
598
556
815
485
315
212
55
128
298
554
834
710
42
28
390
223
263
395
16
374
736
49
375
27
557
184
352
821
297
527
712
191
160
757
287
720
456
544
656
509
345
19
538
471
689
671
316
256
664
156
735
300
772
741
825
507
513
540
169
595
504
471
779
479
266
656
724
596
481
522
340
796
129
364
332
610
410
232
221
40
780
7.24387874440017
0.270145159601927
166
0
1
0
1
1
1
0
1
1
0
0
1
0
1
1
1
1
1
1
1
1
1
1
1
1
1
1
1
1
1
1
1
1
1
1
0
1
1
1
1
1
1
1
1
1
1
1
1
1
1
0
0
1
0
1
1
1
0
0
0
0
0
1
1
1
1
1
1
0
1
1
0
1
1
0
0
1
1
1
1
0
1
1
1
1
1
1
1
1
1
1
1
1
0
0
1
1
1
1
1
1
1
1
1
0
1
1
0
0
0
1
0
1
1
1
1
1
0
1
1
1
0
1
0
0
1
1
0
1
1
1
0
1
1
0
0
1
1
1
1
1
0
1
1
1
1
1
1
0
1
1
1
1
0
1
1
0
1
1
1
1
1
1
1
1
1
