258
92
88
166
9
69
225
17
37
240
73
246
91
147
46
120
129
153
232
229
178
107
96
26
110
86
109
202
50
255
46
181
51
95
184
11
225
89
232
114
181
35
227
0
181
14
249
32
241
107
57
77
0
228
228
9
165
105
105
155
72
14
183
108
73
209
36
144
139
167
52
65
22
233
244
135
86
112
138
182
128
167
90
230
145
56
53
108
162
29
82
150
100
258
6.6317634907224
0.307162593897252
92
1
1
1
1
1
1
1
1
1
1
1
1
1
1
1
1
0
1
1
0
0
0
0
1
1
1
1
1
0
0
0
1
1
1
1
0
1
0
0
1
1
1
0
1
1
1
1
0
1
0
1
0
1
1
1
1
1
0
0
0
1
0
0
1
1
1
1
1
1
1
0
1
0
1
0
0
1
1
0
1
1
1
1
1
0
0
0
0
0
1
0
1
