296
106
62
242
84
103
251
54
158
208
40
207
210
263
187
60
205
282
224
9
67
140
143
74
206
280
104
32
279
244
62
169
211
90
247
279
173
264
175
183
151
183
181
39
25
79
54
142
109
132
34
69
130
41
180
106
254
45
4
125
138
233
212
103
238
207
69
196
279
81
217
135
77
46
144
245
117
218
264
135
173
138
130
106
161
277
107
191
203
268
167
162
4
292
76
158
56
71
201
49
151
280
265
188
271
182
192
272
7.03306301196905
0.0105430695001257
106
1
1
1
1
1
1
1
1
1
1
1
1
1
1
1
1
1
1
1
1
1
1
1
1
1
1
1
1
1
1
1
1
1
1
1
1
1
1
1
1
1
1
1
1
1
1
1
1
1
1
1
1
1
1
1
1
1
1
1
1
1
1
1
1
1
1
1
1
1
1
1
1
1
1
1
1
1
1
1
1
1
1
1
1
1
1
1
1
1
1
1
1
1
1
1
1
1
1
1
1
1
1
1
1
1
1
