747
130
229
169
2
29
124
535
78
496
205
478
446
725
259
347
94
611
250
126
317
678
730
223
124
370
134
234
13
4
588
335
444
337
586
36
671
95
686
101
652
236
662
254
541
309
279
577
582
176
365
136
410
92
180
208
260
284
494
660
366
708
612
24
489
314
681
543
558
357
468
166
354
197
95
56
574
248
153
351
303
476
706
245
602
454
117
224
323
75
523
464
417
139
527
633
570
595
294
403
577
206
471
151
174
340
502
92
123
508
411
420
301
614
176
369
434
722
181
254
717
205
541
435
662
692
302
344
448
497
536
482
3.34757697872621
0.027115281459108
130
1
1
1
1
1
1
1
0
1
1
1
1
1
1
1
1
1
1
1
1
1
1
1
1
1
1
1
1
1
1
1
1
1
1
1
1
1
1
1
1
1
1
1
1
1
1
1
1
1
1
1
1
1
1
1
1
1
1
1
1
1
1
1
0
1
1
1
1
1
1
1
1
1
1
1
1
1
1
1
1
1
1
1
1
0
1
1
1
1
1
1
1
1
1
1
1
1
1
1
1
1
1
1
1
1
1
1
1
1
1
1
1
1
1
1
1
1
1
1
1
1
1
1
1
1
1
1
1
1
1
