328
174
293
16
5
248
300
39
294
11
256
27
60
253
201
81
98
110
78
275
314
95
320
21
323
57
308
183
184
151
7
61
164
157
274
138
316
74
66
69
208
41
253
195
186
140
93
216
275
165
120
14
3
168
280
58
237
186
178
286
38
0
105
254
185
51
171
37
100
187
79
234
292
55
230
300
260
326
248
224
289
66
134
90
218
0
62
93
13
271
87
235
148
265
85
288
217
282
29
269
46
203
33
53
310
91
249
297
95
210
55
66
43
40
229
173
322
229
47
214
311
59
257
0
175
297
103
4
27
295
11
237
200
231
231
91
272
125
106
242
230
218
126
160
284
6
33
230
145
42
161
5
27
328
129
33
327
38
262
151
71
23
166
24
83
267
165
184
202
227
103
150
90
232
248
237
0.354684248388581
0.0137056283364973
174
1
1
1
1
1
1
1
1
1
1
1
1
1
1
1
1
1
1
1
1
1
1
1
1
1
1
1
1
1
1
1
1
1
1
1
1
1
1
1
1
1
1
1
1
1
1
1
1
1
1
1
1
1
1
1
1
1
1
1
1
1
1
1
1
1
1
1
1
1
1
1
1
1
1
1
1
1
1
1
1
1
1
1
1
1
1
1
1
1
1
1
1
1
1
1
1
1
1
1
1
1
1
1
1
1
1
1
1
1
1
1
1
1
1
1
1
1
1
1
1
1
1
1
1
1
1
1
1
1
1
1
1
1
1
1
1
1
1
1
1
1
1
1
1
1
1
1
1
1
1
1
1
1
1
1
1
1
1
1
1
1
1
1
1
1
1
1
1
1
1
1
1
1
1
