797
96
72
461
510
19
565
449
276
15
33
514
70
79
65
248
428
71
615
70
245
153
582
199
556
673
35
51
632
643
665
428
281
355
91
651
793
521
534
254
742
496
34
746
650
341
248
177
21
374
546
42
5
136
698
376
699
281
223
347
489
793
627
350
88
715
79
274
16
614
371
375
660
685
619
154
12
317
106
740
81
20
57
305
75
53
190
43
116
99
95
598
237
612
460
198
740
277
2.48724885292458
0.258457356946837
96
0
1
1
1
0
0
1
0
1
1
1
1
1
0
1
1
0
0
1
1
1
1
1
1
1
1
1
1
1
1
1
1
1
1
1
1
1
0
1
1
1
1
1
1
0
0
1
0
1
1
0
1
1
1
0
1
1
1
1
1
1
1
1
1
1
1
0
0
0
1
1
1
0
1
0
1
0
0
1
1
0
1
1
1
1
1
1
1
0
1
1
1
1
1
0
0
