678
104
290
336
621
112
562
158
239
37
579
112
35
26
334
157
57
3
483
438
15
164
556
119
640
513
286
334
254
286
350
515
309
25
626
129
200
167
266
78
10
363
146
297
340
0
352
51
19
594
340
31
383
76
568
536
478
317
1
189
556
640
202
108
60
167
35
477
164
448
282
188
406
318
214
184
100
297
671
478
179
544
66
609
505
159
101
162
657
305
562
177
152
135
0
107
584
135
115
462
605
195
210
4
476
412
8.32075278764991
0.304384980943651
104
1
1
1
1
1
1
1
0
1
1
1
0
1
1
1
1
1
1
0
0
1
1
1
0
0
1
1
1
1
1
1
1
1
1
1
1
1
1
0
1
1
1
1
1
1
1
0
1
1
0
0
1
0
1
1
1
1
1
1
1
1
1
1
0
1
1
1
1
1
1
0
1
1
1
1
1
1
1
1
0
1
1
1
1
1
0
1
1
1
1
1
0
1
1
1
1
1
1
1
1
1
1
1
1
