723
176
493
307
706
547
460
14
617
373
149
109
437
52
323
470
462
180
76
344
224
633
539
221
30
59
676
170
237
66
300
248
653
132
689
142
16
718
475
277
105
71
40
165
360
97
93
17
349
56
152
326
517
397
434
131
642
500
709
323
89
136
564
338
673
638
645
709
550
584
0
459
541
308
203
436
442
594
686
233
431
4
569
395
694
552
714
677
562
722
350
312
569
528
350
704
177
243
84
320
314
489
607
261
446
312
619
717
324
698
49
226
317
361
405
679
480
651
54
722
323
139
463
6
105
448
3
648
167
246
566
434
109
389
677
189
682
45
290
553
303
273
633
242
96
128
346
186
683
494
174
670
605
473
156
504
635
107
549
81
698
76
352
680
645
612
332
341
88
679
683
553
73
527
235
475
703
216
8.69641955875212
0.233478100810127
176
1
1
1
0
1
0
1
1
0
1
1
1
1
1
1
0
1
1
1
1
1
1
1
0
0
1
1
1
1
1
1
1
1
0
1
1
0
1
1
1
1
1
1
1
1
1
1
0
1
1
1
1
1
1
1
1
0
1
1
0
1
1
1
1
0
0
1
1
0
1
1
0
1
1
0
1
1
0
1
1
1
1
1
1
1
1
1
1
1
1
0
0
1
1
0
1
0
0
1
1
0
1
1
0
0
0
1
0
1
1
1
1
1
1
1
1
1
1
1
1
1
1
1
1
1
1
1
1
0
1
1
1
0
1
0
0
1
1
1
1
1
1
0
1
0
0
1
0
0
1
1
1
1
1
1
1
1
0
1
1
1
1
0
1
1
1
1
1
0
1
1
1
1
1
1
1
