631
118
153
235
610
555
375
105
409
400
338
44
239
507
14
570
524
38
344
182
608
420
514
102
38
553
185
319
573
326
222
12
44
496
600
183
275
518
264
325
522
439
614
385
279
500
334
293
83
105
13
486
40
508
422
111
440
580
495
81
293
311
379
203
130
165
275
139
127
291
125
398
300
181
443
288
402
622
20
424
65
616
577
229
363
134
390
504
60
486
94
360
213
489
333
4
477
319
506
517
520
527
168
558
385
613
484
104
397
447
130
560
48
370
538
127
314
99
171
355
1.72934054164379
0.206197378291228
118
0
0
1
1
1
1
0
0
0
1
1
1
0
1
1
1
1
1
1
0
1
1
1
1
0
1
1
1
1
1
1
1
0
1
1
1
1
1
1
1
0
0
1
1
1
1
1
0
1
1
1
1
1
1
0
1
1
1
0
0
1
1
1
1
0
1
0
1
1
1
1
0
0
1
1
1
1
1
0
1
0
1
1
1
1
0
0
1
1
1
1
1
1
0
1
1
1
1
1
1
1
1
1
1
1
1
1
1
1
1
1
1
1
1
1
0
1
1
