793
84
586
482
208
225
268
626
297
421
423
211
267
250
717
239
79
433
598
588
556
501
369
385
682
584
126
98
703
295
279
569
464
709
34
113
140
764
509
409
655
783
124
110
66
56
482
532
275
106
581
311
612
100
352
128
611
660
591
156
444
557
117
188
392
203
334
699
473
775
546
285
525
692
207
191
164
471
697
650
524
615
52
107
357
519
8.38094633342977
0.22699206300955
84
0
1
1
1
1
0
1
1
0
1
1
0
0
0
1
1
1
1
1
1
1
1
1
1
1
1
0
0
1
0
1
1
0
1
1
1
1
1
1
1
1
1
1
1
0
1
1
1
1
0
0
1
1
1
1
1
1
1
1
1
0
1
1
1
1
1
0
1
1
0
1
1
0
1
0
1
1
1
1
1
1
0
0
0
