859
164
719
478
574
416
159
676
675
435
206
324
126
708
27
286
337
56
357
856
241
852
728
576
636
464
366
372
533
625
120
737
215
388
582
801
526
201
9
722
658
830
24
816
739
538
542
362
174
37
442
257
101
421
321
806
563
283
322
329
312
563
397
511
242
564
49
106
128
483
153
851
828
304
845
91
837
842
291
808
285
839
640
565
218
566
266
408
823
100
437
427
799
52
179
194
96
529
825
792
711
187
490
577
827
688
175
372
91
585
457
649
846
361
79
731
321
185
374
722
399
709
844
702
408
120
293
119
849
363
576
408
789
404
376
34
374
852
302
169
695
52
552
664
592
38
748
127
391
111
608
845
481
187
604
447
17
75
312
286
576
285
460
115
574
307
8.87894407368272
0.19092672494303
164
0
1
1
1
0
1
1
0
1
1
1
1
1
0
1
0
1
1
1
1
1
1
1
1
0
1
0
0
1
1
0
0
1
1
1
1
0
1
1
1
1
1
1
1
0
1
1
1
1
1
1
1
1
1
1
1
1
1
1
0
1
1
0
1
0
1
1
0
1
1
1
0
1
1
1
1
0
1
1
1
1
1
0
1
1
0
1
0
1
1
1
1
1
1
1
0
1
0
1
1
1
1
1
1
0
0
1
1
1
1
1
1
1
1
1
1
1
1
1
1
1
1
1
1
1
1
1
1
1
0
1
1
1
1
1
1
1
1
1
0
1
0
1
1
1
1
1
1
0
1
1
0
1
1
1
1
1
1
1
1
1
1
0
1
