390
94
118
100
282
369
351
211
295
387
293
266
353
15
302
167
258
298
190
231
12
183
198
279
163
345
350
280
210
100
196
93
107
53
340
141
261
131
105
204
125
295
323
243
23
190
185
94
192
336
3
265
257
123
1
307
371
9
281
320
191
154
35
273
45
338
348
343
195
12
353
202
114
64
346
197
267
8
90
324
209
292
242
143
287
287
52
346
48
377
51
239
160
76
102
367
8.9156235351503
0.00238269370323394
94
1
1
1
1
1
1
1
1
1
1
1
1
1
1
1
1
1
1
1
1
1
1
1
1
1
1
1
1
0
1
1
1
1
1
1
1
1
1
1
1
1
1
1
1
1
1
1
1
1
1
1
1
1
1
1
1
1
1
1
1
1
1
1
1
1
1
1
1
1
1
1
1
1
1
1
1
1
1
1
1
1
1
1
1
1
1
1
1
1
1
1
1
1
1
