371
156
229
232
122
177
272
95
71
161
164
289
278
145
35
26
36
367
232
309
146
46
105
69
185
57
134
89
245
51
322
226
331
74
9
213
34
119
256
69
167
281
229
216
184
19
337
311
113
78
263
95
101
257
60
354
168
109
210
12
274
235
161
54
265
188
255
143
243
266
56
297
97
132
286
337
212
70
168
210
23
187
272
221
339
157
307
41
344
260
153
48
170
359
264
286
169
152
33
319
69
71
13
135
260
283
361
41
292
302
207
173
181
220
128
38
156
38
194
344
315
34
137
195
161
57
184
69
197
175
259
137
360
263
185
314
267
137
294
45
301
58
271
120
67
190
345
347
295
93
288
108
82
39
26
203
364
12
7.91912979364171
0.024034810634979
156
1
1
1
1
1
1
1
1
1
1
1
1
1
1
1
1
1
1
1
1
1
1
1
1
1
1
1
1
1
1
1
1
1
1
1
1
1
1
1
1
1
1
1
1
1
1
1
1
1
1
1
1
1
1
1
1
1
1
1
1
1
1
1
1
1
1
1
1
1
1
1
1
1
1
1
1
1
0
1
1
1
1
1
1
1
1
1
1
1
1
1
1
1
1
1
1
1
1
1
1
1
1
1
1
1
1
1
1
1
1
1
1
1
1
1
1
1
1
1
1
1
1
1
1
1
1
1
1
1
1
1
1
1
1
1
1
1
1
1
1
1
1
1
1
1
1
1
0
1
1
1
1
1
1
1
1
