794
142
292
785
241
684
625
235
263
215
712
680
544
739
527
460
724
204
775
243
689
331
197
477
487
356
664
92
218
140
161
722
32
608
30
421
1
677
791
25
672
438
306
499
500
75
131
56
501
782
627
297
713
297
181
150
684
286
51
422
641
509
70
532
426
405
634
69
405
279
216
723
247
209
470
699
614
497
370
487
346
142
175
427
297
446
280
370
93
748
146
298
200
351
463
104
113
259
645
109
227
252
107
149
769
572
346
99
71
771
602
283
271
336
100
310
721
550
32
532
313
673
492
163
29
161
409
144
360
386
751
547
341
561
431
543
586
610
699
716
413
100
759
157
4.3550773738454
0.189683530497241
142
1
1
0
1
1
1
1
1
0
1
1
1
1
1
1
1
0
1
0
1
1
1
1
1
1
0
1
1
1
1
1
0
1
1
1
0
0
0
0
1
1
1
1
0
1
0
1
1
1
1
1
1
0
1
1
1
1
1
0
1
1
1
1
1
1
1
1
0
1
0
1
1
1
1
1
1
1
1
1
0
0
1
1
1
1
1
1
1
1
1
1
0
1
0
0
1
1
1
0
1
0
1
0
0
0
0
1
1
1
1
0
1
1
1
0
1
1
1
1
0
1
1
1
1
0
1
1
0
0
1
1
0
1
1
1
1
1
1
1
1
0
0
