177
194
168
75
28
8
86
5
162
37
133
82
176
107
111
149
110
87
128
141
68
111
127
159
86
85
76
143
8
123
108
33
27
114
123
152
17
35
18
45
94
177
139
90
48
56
147
154
155
27
53
129
81
25
160
166
114
29
104
119
51
87
88
171
154
132
86
161
90
32
1
155
119
177
27
27
176
23
120
163
112
1
72
92
2
92
142
20
166
25
48
50
57
38
3
18
173
114
109
47
66
95
168
117
17
91
11
104
41
146
121
44
42
87
125
75
166
114
151
139
16
158
137
7
104
42
120
63
86
51
104
88
111
5
29
93
5
59
114
14
141
26
22
48
61
86
77
41
112
137
62
127
3
17
85
170
125
5
143
169
6
13
102
56
56
48
44
118
107
84
4
95
151
127
53
136
4
124
78
1
52
163
136
165
122
88
100
99
164
71
71
132
29
99
127
135
8.65846684484266
0.161269041113114
194
1
1
0
1
1
1
0
0
1
1
0
1
1
1
1
1
1
1
1
0
1
1
1
1
0
1
1
1
0
1
1
0
0
1
1
1
1
1
0
1
1
1
1
0
1
1
1
1
1
1
1
1
1
1
1
1
1
1
1
1
0
1
1
1
1
1
1
1
1
1
1
0
1
1
1
1
1
1
1
1
1
1
1
1
1
0
1
1
1
1
1
1
1
1
1
1
1
0
1
1
1
1
1
1
1
1
1
1
1
1
1
1
1
1
1
0
1
1
1
1
1
1
1
1
1
1
1
1
1
1
1
1
1
1
1
1
1
1
1
1
1
1
1
1
1
1
1
1
0
1
1
1
1
1
1
1
1
1
1
0
1
1
0
1
1
1
1
0
0
1
0
1
1
1
1
1
1
1
1
1
1
1
1
1
1
1
1
1
0
1
0
1
1
1
