660
86
29
533
506
503
520
513
448
355
68
156
630
81
504
406
488
47
519
541
126
644
480
104
29
105
185
307
237
183
464
240
606
620
172
342
557
252
35
234
609
282
273
150
80
367
641
15
270
179
163
487
502
399
628
274
331
235
177
487
198
23
431
491
442
104
660
87
550
464
105
426
86
452
393
348
196
27
397
564
553
383
399
119
464
173
487
174
1.77484758953954
0.366449663460054
86
1
1
1
1
1
1
1
0
0
0
0
1
1
1
0
1
1
0
0
0
0
0
1
0
0
1
1
0
0
0
1
1
0
0
0
0
0
1
1
1
1
0
1
0
0
0
1
1
1
1
1
1
0
0
0
1
0
1
1
1
1
0
1
1
1
0
0
1
0
1
1
1
1
1
1
0
1
0
1
1
0
1
0
1
0
1
