108
94
24
91
58
44
51
86
58
31
6
4
30
13
15
105
13
96
69
35
67
14
44
44
29
64
3
2
97
54
66
59
54
93
28
0
69
22
88
30
107
4
9
65
36
104
67
98
100
58
70
90
13
53
84
51
4
84
26
32
64
45
106
103
72
58
96
18
12
60
43
102
23
75
64
14
95
38
66
47
22
42
49
56
36
81
103
108
97
21
80
55
47
75
65
56
5.0289801331235
0.279321517458143
94
1
1
1
0
0
1
1
1
1
0
1
1
1
0
1
1
1
1
0
1
0
1
0
0
0
1
1
0
1
1
1
0
0
0
1
1
0
0
0
0
1
1
1
1
1
1
1
1
1
0
0
1
1
1
1
0
0
1
1
1
1
0
0
0
1
1
0
0
0
0
0
1
1
1
1
0
1
0
1
1
1
1
1
0
1
1
1
0
1
1
0
1
0
0
