854
92
231
227
736
557
688
207
221
124
478
13
612
708
749
554
416
770
206
27
287
575
566
19
645
322
58
674
649
348
489
121
678
563
28
177
796
191
620
633
56
379
643
721
813
152
19
242
123
632
615
300
619
577
661
58
612
51
53
522
81
425
97
226
455
248
114
93
58
597
198
81
740
397
679
257
687
112
49
472
715
433
122
416
155
553
764
176
674
101
281
277
593
211
4.78309906745345
0.239967230358175
92
1
0
1
1
0
1
1
0
1
0
1
0
1
1
1
1
1
0
1
1
1
1
1
1
0
1
1
1
1
1
1
1
0
1
1
0
1
1
1
1
1
1
1
1
1
1
1
1
1
1
1
1
0
1
0
1
0
1
0
1
1
1
0
1
1
0
1
1
1
1
1
1
1
1
1
1
0
1
1
0
1
1
0
0
1
0
1
1
1
1
1
1
