992
110
355
797
93
773
84
7
82
854
490
114
664
917
154
982
190
292
226
853
547
601
245
198
972
95
223
683
443
184
744
210
401
853
869
936
850
453
604
140
454
166
126
365
729
486
769
526
401
76
184
618
854
986
253
465
37
743
634
679
619
907
187
21
75
896
133
546
574
310
210
279
614
357
689
642
233
535
72
828
992
537
558
391
416
594
575
260
64
329
693
83
725
416
959
373
953
278
240
394
853
147
503
612
608
334
569
612
373
842
360
866
6.22284444346747
0.29947206819062
110
1
1
1
1
1
1
1
0
0
1
1
1
1
1
1
1
1
0
1
1
0
1
0
0
0
1
0
1
1
1
1
1
1
1
0
0
1
1
1
1
0
1
1
1
1
0
0
1
1
1
0
0
1
1
1
1
1
0
0
1
1
1
0
0
0
1
1
1
1
1
1
0
1
1
0
1
0
0
1
1
1
1
1
1
1
1
0
1
1
1
0
0
0
1
0
0
1
1
1
0
1
1
1
1
1
1
1
1
1
1
