137
160
137
68
96
78
14
96
102
103
42
9
80
71
44
41
117
81
4
52
37
61
137
30
74
55
95
28
101
117
57
17
76
118
58
121
65
74
23
54
60
105
46
103
5
85
83
52
29
137
64
10
20
48
56
62
51
34
104
34
111
52
117
44
45
26
17
3
16
111
22
3
16
58
124
116
19
77
89
94
54
84
13
37
57
80
24
80
52
60
127
112
1
39
46
137
80
89
74
114
61
117
74
111
112
50
88
7
66
133
49
38
110
120
72
116
124
62
2
91
120
62
108
92
29
16
19
115
66
108
56
93
29
15
64
96
89
74
50
125
107
134
42
107
30
3
86
130
132
134
55
65
134
35
106
61
73
30
115
48
48
89
0.325682981145936
0.262471762617354
160
0
1
0
1
1
1
1
0
0
1
0
0
0
1
1
1
1
1
1
1
0
1
1
1
1
0
1
1
1
0
1
1
1
1
1
0
1
1
1
1
1
0
0
1
1
1
1
1
1
1
1
1
1
1
1
1
1
1
1
1
1
0
0
0
0
0
1
1
1
1
1
0
0
1
1
1
0
1
1
1
1
1
0
1
1
1
1
1
1
1
0
1
1
0
1
0
1
1
0
1
1
1
0
1
1
0
0
1
1
0
1
1
1
1
1
1
1
0
1
1
1
1
1
1
1
0
1
1
1
0
1
1
1
0
1
0
1
1
1
1
1
0
1
0
1
0
1
1
1
1
1
1
1
1
1
1
1
0
1
0
