394
100
291
320
366
373
54
113
295
302
18
301
357
374
7
81
215
108
380
259
73
151
176
326
155
333
1
110
151
215
3
310
182
322
186
89
337
101
147
34
223
194
40
252
283
298
153
237
18
139
166
166
393
213
246
326
347
252
159
326
340
124
145
308
232
197
266
193
274
169
248
368
171
321
300
380
131
158
101
309
187
138
85
120
42
361
328
59
149
156
201
208
14
30
371
152
242
212
19
138
25
142
4.57992529880958
0.0602295892273479
100
1
1
1
1
1
1
1
1
1
1
1
1
1
1
1
1
1
1
1
1
1
1
1
0
1
1
1
1
1
1
1
1
1
1
1
1
1
1
1
1
1
1
0
1
1
1
1
1
1
1
0
1
1
1
1
1
1
1
1
1
0
1
1
1
1
1
1
1
1
1
1
1
1
1
1
1
1
1
1
0
1
1
1
1
1
1
1
1
1
1
1
0
1
1
1
1
1
1
1
1
