913
130
787
438
141
500
651
500
316
22
858
731
869
12
377
734
584
738
428
479
516
150
41
605
651
299
328
850
151
738
40
764
98
443
146
238
25
101
394
597
882
167
149
67
530
511
758
881
622
443
292
40
312
756
270
695
408
893
207
718
475
512
507
833
741
75
833
209
635
737
600
462
842
399
306
90
345
844
192
686
511
716
176
774
842
816
18
48
878
29
390
275
219
381
284
74
725
310
301
654
243
709
311
473
745
415
261
552
538
399
128
552
584
539
868
305
645
829
340
477
534
400
367
325
219
484
670
92
485
144
283
411
7.16122970952726
0.158559367103045
130
1
1
1
1
1
0
1
0
1
1
1
1
1
1
1
1
1
1
1
1
1
1
1
1
1
1
1
1
1
1
0
1
0
1
1
1
1
1
1
0
1
1
1
1
1
0
0
1
1
1
1
1
1
1
1
1
0
1
1
0
1
1
1
1
1
1
1
0
0
1
0
1
1
1
1
1
1
1
1
1
1
1
1
1
1
0
1
1
1
1
1
1
1
0
1
0
0
1
1
0
1
0
1
1
1
1
1
1
1
1
1
1
0
1
1
1
1
1
1
1
1
1
1
1
1
1
1
0
1
1
