169
126
101
98
126
94
155
77
87
96
150
82
114
88
167
94
73
55
122
85
103
29
89
119
79
135
150
169
145
51
65
141
75
124
138
62
166
63
104
104
41
64
63
9
74
111
67
2
34
37
96
18
110
125
132
78
99
146
66
90
29
99
130
104
101
34
161
33
45
133
49
122
125
22
98
63
90
138
116
80
160
41
50
32
2
122
14
94
165
142
60
123
111
0
164
100
155
158
47
8
93
23
60
106
119
164
123
129
96
57
71
125
25
148
6
100
49
5
5
116
68
92
12
91
120
91
130
156
7.22308937544912
0.143175973494742
126
1
0
1
1
1
1
1
1
1
0
1
0
0
1
1
1
1
1
1
1
1
1
1
1
1
1
1
0
1
1
1
1
1
1
1
1
1
1
1
1
1
1
1
1
1
0
1
1
1
1
1
1
1
1
1
1
1
1
1
1
0
1
1
1
0
1
1
1
1
1
1
0
1
1
1
0
1
1
1
1
1
1
1
0
1
1
1
1
1
1
1
1
1
1
1
1
0
1
1
1
1
0
1
1
1
1
1
1
0
1
1
1
1
1
1
0
1
1
0
1
1
1
1
1
1
1
