622
168
328
187
274
517
207
205
43
538
339
42
290
552
215
591
389
140
334
211
489
307
472
58
540
385
1
409
267
372
394
438
69
38
17
393
458
474
149
189
368
83
150
1
328
589
308
448
86
538
438
540
171
581
580
506
468
234
531
525
563
405
570
314
168
383
425
470
198
471
373
395
518
329
598
534
199
597
404
260
216
447
224
207
159
559
257
58
340
379
421
267
12
322
560
189
90
560
508
184
492
554
583
606
615
266
124
492
22
277
231
169
29
70
49
486
471
386
583
528
186
228
18
142
468
533
540
434
246
53
86
241
305
566
456
287
14
358
569
547
405
360
417
53
27
481
97
13
577
388
285
543
201
139
324
164
585
281
614
76
88
99
78
516
367
101
199
135
595
137
9.27504815722446
0.238725524037108
168
1
1
1
0
0
1
1
0
1
1
0
1
1
1
1
0
0
1
0
1
1
1
1
0
0
0
1
1
1
1
1
1
1
1
1
0
1
1
1
0
1
1
0
1
1
1
1
0
1
1
1
1
1
0
1
0
1
1
1
1
1
1
0
1
1
1
1
1
1
1
1
1
0
1
1
1
0
1
1
0
1
1
1
1
1
1
1
1
1
0
1
1
1
1
1
1
1
0
1
0
1
1
0
1
1
1
1
1
0
1
0
1
0
1
0
1
1
1
1
1
0
1
0
1
0
0
1
1
1
1
0
1
0
1
1
1
1
1
0
1
1
1
0
1
1
1
0
1
1
0
1
1
0
1
1
0
1
0
1
1
1
1
0
1
1
0
1
1
