538
120
534
513
388
99
25
236
322
352
234
302
303
342
301
522
504
56
160
251
247
142
114
249
24
50
450
468
233
384
305
491
260
253
321
515
21
322
507
289
304
227
7
448
314
161
249
475
354
108
356
219
287
350
316
58
402
478
349
37
474
167
203
525
434
65
455
224
13
206
102
50
327
318
280
16
136
235
35
333
197
221
431
152
306
291
29
392
49
402
124
77
497
332
497
515
334
482
520
250
415
478
309
305
421
413
336
525
261
295
536
463
428
107
323
416
414
336
51
61
198
301
1.44539115120299
0.315463988136485
120
1
1
1
0
0
1
0
1
1
0
1
1
1
1
1
0
0
0
1
0
1
1
0
1
1
1
1
0
0
1
0
1
1
0
1
1
1
0
1
0
0
1
1
0
0
0
1
0
0
1
0
0
1
1
1
1
1
1
0
1
1
1
1
1
1
1
0
1
1
1
1
1
1
1
0
1
1
1
0
1
1
1
1
1
1
1
1
1
1
1
1
1
0
1
1
1
0
0
1
0
0
1
1
0
1
1
1
0
0
1
1
0
1
1
1
0
1
1
0
0
