883
156
751
309
493
693
610
625
369
222
102
217
147
653
299
165
509
754
720
549
861
32
268
279
663
524
717
138
454
218
527
503
522
314
47
844
557
847
269
492
684
304
103
440
689
298
213
592
588
330
583
783
738
404
95
10
382
372
436
152
272
664
604
79
415
405
373
443
401
266
210
630
553
848
415
139
705
67
653
268
614
255
344
264
554
688
169
448
40
285
727
364
628
364
147
289
882
842
291
113
657
304
789
154
0
750
119
558
225
27
700
844
406
747
742
830
650
353
218
322
175
280
82
566
128
173
682
780
63
597
855
718
590
660
510
352
88
383
97
437
425
761
228
870
706
568
320
588
206
78
434
408
699
483
764
71
212
782
0.749628760468959
0.0598602562715158
156
1
1
1
1
1
1
1
1
1
1
1
1
1
1
1
1
1
1
1
1
1
1
1
1
1
1
1
1
1
1
0
1
1
1
1
1
1
1
1
1
1
1
1
1
1
1
1
1
1
1
1
1
1
1
1
1
1
1
0
1
1
1
1
1
1
0
1
1
1
1
1
1
1
1
1
1
1
1
1
1
0
1
1
1
1
1
1
1
1
1
1
1
1
1
1
1
1
1
1
1
0
1
1
1
1
1
1
1
1
0
1
1
1
1
1
0
1
1
1
1
1
1
1
1
1
1
1
1
1
1
0
1
1
1
1
1
1
1
1
0
1
1
1
1
1
1
1
1
1
1
1
1
1
1
1
1
