787
164
405
175
341
175
778
235
750
198
377
537
660
1
379
607
116
335
205
301
785
307
364
184
324
283
215
403
620
635
753
333
533
690
422
441
786
284
540
638
203
194
428
277
97
146
168
338
237
133
739
497
385
59
712
730
480
569
145
589
529
639
199
295
536
550
213
228
712
145
379
504
393
271
710
14
767
745
311
294
306
178
170
704
367
569
543
415
96
594
766
590
50
752
784
660
530
11
594
146
787
136
36
635
638
668
227
351
381
378
642
282
633
176
728
467
462
709
23
160
136
85
394
629
226
533
723
167
358
640
186
679
780
213
285
553
189
751
759
587
746
615
132
302
36
363
784
476
735
79
529
439
737
523
101
406
324
73
332
466
242
281
626
472
657
523
6.11332962309249
0.0211054048989215
164
1
1
1
1
1
1
1
1
1
1
1
1
1
1
1
1
1
1
1
1
1
1
1
1
1
1
1
1
1
1
1
1
1
1
1
1
1
1
1
1
1
1
1
1
1
1
1
1
0
1
1
1
1
1
1
1
1
1
1
1
1
1
1
1
1
1
1
1
1
1
1
1
1
1
1
1
1
1
1
1
1
1
1
0
1
1
1
1
1
1
1
1
1
1
1
1
1
1
1
1
1
1
1
1
1
1
1
1
1
1
1
1
1
1
1
1
1
1
1
1
1
1
1
1
1
1
1
1
1
1
1
1
1
1
1
1
1
1
1
1
1
1
1
1
1
1
1
1
1
1
1
1
1
1
1
1
1
1
1
1
1
1
1
1
