110
144
59
13
42
87
68
107
109
61
64
86
36
75
39
102
90
59
0
64
48
71
23
47
21
44
60
85
105
54
92
51
57
4
55
40
43
37
87
28
46
68
88
91
73
26
105
106
84
11
55
93
9
109
19
47
46
59
31
57
2
10
16
7
93
30
4
88
109
101
76
80
30
25
99
84
34
85
96
110
106
96
94
63
69
65
109
51
59
83
18
34
93
63
105
18
62
90
91
16
58
84
34
43
103
109
11
49
94
13
7
26
34
102
35
70
105
40
55
41
4
89
2
6
29
7
72
65
100
98
104
93
42
22
103
25
5
19
101
89
44
60
102
42
110
48
5.37229112177186
0.0397158840239603
144
1
1
1
1
1
1
1
1
1
1
1
1
1
1
1
1
1
1
1
1
1
1
1
1
0
1
1
1
1
1
1
1
1
1
1
1
0
1
1
1
1
1
1
1
1
1
1
1
1
1
1
1
1
1
1
1
1
1
1
1
1
1
1
1
1
1
1
1
1
1
1
1
1
1
1
1
1
1
1
1
0
1
1
1
1
1
1
1
1
1
1
1
1
1
1
1
1
1
1
1
1
1
1
1
1
1
0
1
1
1
1
1
1
1
1
1
1
1
1
1
1
1
1
1
1
1
1
1
1
1
1
1
1
1
1
1
1
1
1
1
1
1
1
1
