247
114
26
56
106
178
90
33
189
176
244
125
186
63
176
22
124
172
169
138
107
186
23
74
61
1
199
66
196
18
145
204
227
99
135
16
86
47
125
72
70
192
228
13
173
16
169
215
155
232
237
233
182
53
213
49
133
178
226
69
214
201
164
108
64
1
239
200
200
70
199
84
46
56
227
191
124
144
141
118
210
144
61
122
124
173
246
98
236
213
159
137
103
76
93
243
145
41
121
182
36
244
20
0
51
40
40
134
147
9
137
49
235
123
240
244
2.86299388349719
0.213736258503593
114
0
1
1
1
1
0
1
1
1
1
1
1
1
1
1
0
1
0
1
1
1
0
1
1
0
1
1
1
0
0
1
1
1
1
1
1
1
0
1
0
1
1
1
1
1
1
1
0
1
1
1
1
0
1
0
1
1
1
1
1
1
1
1
0
1
0
1
1
1
1
1
1
1
1
1
1
0
0
1
1
1
1
1
1
1
1
1
0
0
0
1
1
0
1
0
1
1
1
1
1
1
1
1
0
1
1
0
1
1
1
1
0
1
1
