478
182
94
101
23
301
75
431
444
234
290
260
266
50
394
136
302
414
29
411
276
459
131
335
42
400
338
30
167
463
324
322
328
146
411
425
100
257
386
410
107
422
426
64
401
367
289
6
201
221
112
400
82
356
478
178
206
464
333
12
256
46
280
473
435
81
230
223
249
232
217
186
367
343
395
442
438
407
255
377
252
16
164
29
478
32
224
243
156
462
139
161
395
231
252
323
266
163
441
90
325
99
258
393
203
65
55
161
190
404
450
304
243
51
72
336
17
2
337
51
42
258
353
465
50
68
316
54
272
183
243
152
405
79
102
391
413
119
240
268
273
465
34
293
20
84
405
166
260
441
295
462
162
458
219
301
261
24
266
418
345
140
334
66
376
19
427
105
170
311
191
316
399
368
20
436
470
309
252
443
86
440
242
116
4.19439524468537
0.376617163685957
182
0
1
1
1
0
1
0
1
0
1
1
1
0
1
1
0
0
0
1
1
0
1
0
1
1
1
0
0
1
1
0
1
0
1
1
0
1
1
1
1
1
0
1
1
1
0
1
1
1
0
0
0
1
1
0
0
1
1
0
0
1
1
0
1
1
1
1
1
0
0
1
1
1
0
1
1
1
1
0
0
1
1
1
0
1
1
0
1
1
1
0
1
0
1
1
1
1
1
0
0
1
1
1
1
1
0
1
1
0
0
1
0
1
1
1
1
0
0
0
1
0
1
1
1
0
0
0
0
1
1
1
1
1
0
0
1
0
1
1
1
1
1
0
0
1
1
1
0
1
0
1
1
1
0
0
0
1
1
0
0
1
1
1
1
1
1
1
0
1
1
0
1
1
0
1
1
0
1
1
1
1
1
