151
90
20
64
62
98
27
116
123
68
89
10
69
16
84
134
138
104
141
19
38
115
70
51
66
24
26
39
72
14
136
24
132
147
13
40
2
103
103
8
27
40
24
101
76
0
28
64
35
121
88
100
56
129
67
100
17
133
77
84
100
11
17
132
20
112
37
18
123
3
117
125
147
125
71
118
151
14
42
19
130
33
92
69
107
100
15
16
136
106
6
87
0.721684295751732
0.0939872992076892
90
1
1
1
1
1
1
1
1
1
1
1
1
1
1
1
1
1
1
1
0
1
1
1
0
1
1
1
1
1
1
1
1
1
1
1
1
1
1
1
1
1
1
0
1
1
1
1
1
1
1
1
1
0
1
1
1
1
1
1
1
1
1
0
1
1
1
1
1
1
0
1
1
1
1
1
1
1
0
1
1
1
1
1
1
1
1
1
0
1
1
