951
154
899
105
202
904
194
441
788
817
129
64
342
101
621
309
707
443
724
803
502
43
702
712
739
719
59
630
403
434
170
410
360
583
165
295
752
848
424
266
566
106
878
935
233
843
343
185
578
296
505
626
341
874
794
28
87
299
386
113
783
520
698
236
520
316
78
116
707
350
901
768
307
377
745
455
628
58
185
809
265
871
538
353
229
785
86
448
320
558
218
258
137
362
60
235
195
811
772
354
758
165
475
738
271
535
403
25
880
856
770
608
432
929
211
715
695
636
538
389
61
572
188
764
116
466
669
720
838
265
815
599
525
86
767
191
291
484
779
613
606
837
876
313
486
353
224
348
347
298
608
119
882
835
451
465
7.36411277872553
0.0682507648836578
154
1
1
1
1
1
1
1
1
1
1
1
1
1
1
1
1
1
1
1
0
1
1
1
0
1
1
1
1
1
1
1
1
1
1
1
1
1
1
1
1
1
1
1
1
1
1
1
1
1
1
1
1
1
1
1
1
1
1
1
1
1
1
1
1
1
1
1
1
1
1
1
1
1
1
1
1
1
1
0
1
1
1
1
1
1
1
1
1
0
1
1
1
1
1
1
1
1
1
1
1
1
1
1
1
1
1
1
1
1
1
1
1
1
1
1
0
1
1
1
1
1
1
1
0
1
0
1
1
1
1
1
1
1
1
1
1
1
1
1
1
1
1
1
1
1
1
0
1
1
1
1
1
1
1
