816
148
84
177
792
630
523
642
60
685
816
455
630
11
710
202
46
748
732
244
690
532
798
181
240
88
689
383
813
208
73
125
629
516
294
444
495
24
669
126
396
376
463
267
631
224
423
106
316
234
451
643
60
614
515
787
357
743
437
407
603
188
1
494
195
668
508
647
450
83
295
401
468
792
95
388
110
749
530
78
440
591
259
375
207
736
145
593
321
278
7
189
516
687
170
125
635
44
257
184
415
146
731
600
206
712
378
331
412
728
718
657
670
740
603
486
46
731
399
244
628
342
330
492
480
86
662
93
728
774
62
232
523
125
236
352
173
58
88
134
449
379
686
278
83
596
16
182
225
186
9.28771931428569
0.12391258618475
148
1
1
1
0
0
1
1
1
1
1
1
1
1
1
1
1
1
1
1
1
1
1
1
0
1
1
0
0
1
1
0
1
1
1
1
1
1
1
1
1
0
1
1
1
1
1
1
1
1
1
1
1
1
0
1
1
1
1
1
1
1
1
1
1
1
1
1
1
1
1
1
1
1
1
1
1
1
1
1
1
0
1
1
1
1
1
1
1
1
1
0
1
1
1
0
1
1
1
1
0
1
1
1
1
1
1
0
1
1
1
1
0
1
1
1
0
1
1
1
1
1
0
1
1
0
1
1
1
1
1
1
1
0
1
1
1
0
1
0
1
1
1
1
1
1
1
1
1
