1000
200
233
501
760
7
318
611
616
20
854
581
120
245
109
30
184
576
349
977
147
649
299
943
797
919
203
771
407
709
5
995
166
55
907
297
6
868
74
832
590
318
177
711
761
720
119
146
139
767
937
220
383
310
969
556
69
143
397
711
103
207
244
226
41
383
767
314
765
517
259
650
166
630
617
890
371
874
846
559
590
559
822
462
816
31
796
317
183
403
472
124
56
391
264
179
990
851
383
540
979
835
447
750
436
871
18
455
363
288
58
679
691
984
25
80
249
754
737
677
506
377
23
565
449
48
244
558
844
768
671
646
431
81
382
950
541
395
351
100
630
855
572
163
904
825
678
767
518
996
831
519
226
407
165
663
15
804
307
839
69
366
519
588
521
240
648
849
918
361
203
233
945
605
443
725
188
304
767
628
21
651
278
65
306
381
366
8
83
437
317
198
343
426
686
647
841
185
110
763
376
782
10
0.4
200
1
1
1
1
1
1
1
0
1
1
0
0
1
1
1
1
0
1
0
0
1
0
1
0
1
1
1
1
1
0
1
1
1
0
1
1
1
0
0
0
0
0
0
0
1
0
0
1
0
1
0
0
0
0
0
1
0
1
0
0
1
0
1
1
0
1
0
1
1
1
0
0
1
1
0
0
1
1
1
0
0
0
1
1
1
1
0
1
1
1
1
0
1
1
0
0
1
0
0
1
1
1
0
1
0
1
1
1
0
0
1
1
0
1
1
1
1
1
0
0
1
1
0
1
1
1
1
0
1
1
1
1
0
0
0
1
1
1
1
1
1
0
1
1
0
1
1
1
1
1
1
1
1
1
0
1
1
0
0
1
1
1
1
0
1
1
1
0
0
0
1
1
1
1
1
1
0
0
1
0
1
0
1
0
1
1
0
1
0
1
0
1
1
1
0
1
1
0
1
0
