586
186
404
492
92
108
391
280
218
355
539
506
159
430
234
321
432
133
531
501
294
556
431
8
443
258
145
138
168
575
425
566
103
209
222
86
89
468
19
10
495
275
300
267
297
169
452
402
362
36
148
326
254
443
536
221
256
266
346
480
276
217
445
100
44
313
160
369
490
189
328
237
562
387
254
389
149
298
143
321
153
244
134
468
280
450
320
100
156
326
575
583
572
311
322
344
144
212
402
493
128
175
446
82
492
342
445
339
454
437
279
400
335
130
550
285
106
399
370
434
522
202
415
307
584
27
519
216
400
226
457
178
184
532
182
463
524
466
7
388
476
115
403
215
289
495
486
367
187
482
491
539
26
550
80
430
568
3
355
298
521
392
468
316
388
388
248
564
398
198
110
561
213
207
92
349
127
299
49
83
180
3
226
416
342
478
177
457
4.29216414660262
0.179694161381919
186
1
1
1
1
1
1
0
1
1
1
1
1
1
1
0
1
1
1
0
1
1
1
1
1
1
0
1
1
1
1
1
1
1
0
1
1
1
0
1
1
1
1
1
1
1
1
1
1
0
0
1
1
1
0
0
0
1
1
1
1
0
0
1
1
1
1
1
1
1
1
0
1
1
1
1
1
1
1
1
1
1
1
1
0
1
1
1
1
0
1
1
0
1
1
0
1
0
1
1
1
1
1
0
0
1
1
1
1
1
1
0
0
1
0
0
1
1
1
1
1
1
0
1
1
0
1
0
1
1
0
0
1
0
1
1
1
1
1
1
1
1
1
1
0
1
1
1
1
0
1
1
1
1
0
1
1
1
1
1
0
0
1
1
1
1
1
0
0
1
0
1
1
1
0
0
0
0
1
1
1
1
1
1
1
1
1
