589
96
525
506
48
442
215
287
503
292
184
286
527
125
516
435
582
485
82
523
106
88
73
542
114
436
189
442
430
17
91
440
303
457
187
243
314
397
412
522
280
515
79
29
143
121
171
257
453
107
117
15
100
356
12
361
70
205
201
364
224
366
25
371
567
269
281
459
502
222
15
106
70
117
586
58
361
486
211
6
6
338
202
69
402
215
307
213
513
543
398
21
477
10
111
43
257
289
4.60020256785841
0.374418977123366
96
0
0
1
1
1
1
0
1
0
1
1
0
1
1
0
1
1
0
1
1
1
1
0
1
1
1
1
1
0
1
0
0
0
1
1
0
1
1
1
0
0
1
1
0
1
0
1
0
1
0
1
0
1
1
0
1
0
0
0
1
0
0
1
0
1
1
0
1
0
0
1
0
1
0
1
0
1
0
1
0
0
1
1
1
1
0
0
0
1
1
0
1
0
1
1
0
