651
108
168
498
322
604
44
226
89
423
367
389
537
339
269
68
217
376
324
377
515
466
137
246
307
9
563
55
551
175
319
11
572
387
0
405
310
133
131
152
529
616
242
607
230
174
361
122
308
19
99
617
144
374
624
172
236
392
629
295
161
164
90
126
187
542
161
380
606
107
214
276
636
555
387
607
102
306
330
225
124
591
59
147
212
304
292
409
46
310
231
392
104
437
501
640
619
110
381
224
637
178
350
61
15
464
223
431
113
186
7.85416870886537
0.115148140943611
108
1
1
1
1
0
0
1
1
1
1
1
0
1
1
1
1
1
1
0
1
1
0
1
1
0
1
1
0
1
1
1
1
1
1
1
1
0
1
1
1
1
1
1
1
1
1
1
1
1
0
1
1
1
0
1
1
1
1
1
1
1
1
0
1
1
1
1
1
1
1
0
1
1
1
1
1
1
1
1
0
1
1
1
1
1
1
1
1
0
1
1
1
1
1
1
1
1
1
1
1
1
1
1
1
0
1
1
1
