829
148
155
652
392
803
454
308
240
675
829
444
733
761
55
780
769
107
149
30
473
98
608
151
671
630
386
170
767
396
100
766
541
170
96
747
798
245
593
77
18
469
323
16
427
397
405
593
675
87
533
763
467
662
538
570
42
725
4
337
300
712
763
241
396
463
284
789
116
655
829
462
346
222
461
158
2
373
480
437
769
553
172
164
786
763
30
572
363
321
89
299
735
807
581
132
267
281
205
485
589
608
42
195
531
332
114
359
638
608
447
213
579
804
110
232
440
291
182
159
283
189
450
147
465
30
755
95
299
732
498
17
816
766
514
434
283
763
341
391
628
268
348
784
585
266
329
615
38
515
0.853289398326434
0.029084207989715
148
1
1
1
1
1
1
1
1
1
1
1
1
1
1
1
1
1
1
1
1
0
1
1
1
1
1
1
1
1
1
1
1
1
1
1
1
1
1
1
1
1
1
1
1
1
1
1
1
1
1
0
1
1
1
1
1
1
1
1
1
1
1
1
1
1
1
1
1
0
1
1
1
1
1
1
1
1
1
1
1
1
1
1
1
1
1
1
1
1
1
1
1
1
1
1
1
1
1
1
1
1
1
1
1
1
1
1
1
1
1
1
1
1
1
1
1
1
1
1
1
1
1
1
1
1
1
1
1
1
1
1
1
1
1
0
1
1
1
1
1
1
1
1
1
1
1
1
1
