552
154
343
199
199
153
10
370
175
181
199
107
495
261
134
525
38
505
266
3
326
97
505
41
187
469
411
191
437
300
536
261
121
16
64
427
42
538
538
293
297
260
331
322
480
94
534
244
288
6
452
175
78
270
166
353
258
501
443
508
270
366
231
62
224
345
491
428
350
389
336
507
223
279
506
52
69
444
425
387
521
268
551
429
0
517
371
390
379
72
552
65
505
199
476
146
234
417
0
332
28
72
94
10
543
133
210
7
349
369
241
113
498
320
26
352
507
243
409
316
26
434
447
226
541
436
121
260
501
411
531
417
304
467
401
164
368
61
286
470
176
85
47
122
169
46
144
466
457
88
24
249
517
148
102
353
7.44210806158396
0.0417393373859854
154
1
1
1
1
1
1
1
1
0
1
1
1
1
1
1
0
1
1
1
1
1
1
1
1
1
1
1
0
1
1
1
1
1
1
1
1
1
1
1
1
1
1
1
1
1
0
1
1
1
1
1
1
1
1
1
1
1
1
1
1
1
1
1
1
1
1
1
1
1
1
1
1
1
1
1
1
1
1
1
1
1
1
1
1
1
1
1
1
1
0
1
1
1
1
1
1
1
1
1
1
1
1
1
1
1
1
0
1
1
1
1
1
1
1
1
1
1
1
1
1
1
1
1
1
1
1
1
1
1
1
1
1
1
1
1
1
1
1
1
1
1
1
1
1
1
1
1
1
1
1
1
1
1
1
