532
198
295
157
55
117
482
118
333
214
230
181
393
400
47
458
217
412
301
483
59
230
306
263
39
299
149
212
277
80
307
492
430
378
315
164
134
394
532
40
218
457
6
450
251
384
265
14
305
229
122
499
219
186
512
52
38
388
260
126
190
327
194
172
294
222
153
473
353
402
135
251
54
237
240
7
67
370
212
283
484
449
336
299
6
70
9
41
385
378
318
117
45
373
31
468
131
438
202
310
445
480
149
362
282
291
510
467
456
226
225
130
399
226
464
521
57
259
258
402
35
453
0
82
66
43
495
97
132
450
196
181
201
140
503
86
285
34
351
279
3
526
85
279
444
155
121
50
153
306
408
507
70
228
106
394
423
34
530
344
483
486
332
188
513
297
422
229
504
284
467
475
380
235
422
391
528
241
265
314
462
407
225
123
28
29
192
209
389
523
80
18
465
214
46
200
169
68
36
286
7.69370090327671
0.371318631486086
198
0
0
0
1
0
1
1
0
0
0
1
1
0
1
1
1
0
0
1
1
1
0
1
1
1
1
0
1
0
0
0
1
1
1
1
0
0
1
1
1
1
1
0
0
1
0
1
1
1
1
1
1
1
1
1
1
0
1
0
0
0
1
1
1
1
0
1
1
1
1
0
1
1
1
1
1
0
1
1
1
0
1
0
1
1
1
1
0
1
1
0
1
0
1
0
0
1
0
1
1
1
1
0
0
1
1
1
0
1
1
1
0
1
1
1
0
0
1
1
0
1
0
0
1
1
1
0
1
1
0
1
1
0
1
0
0
1
1
1
1
0
0
1
0
0
0
1
0
1
0
0
0
1
0
0
0
1
0
1
0
1
1
0
0
0
1
0
1
0
1
0
1
0
1
0
0
0
1
1
1
1
1
1
1
1
1
0
0
0
1
1
1
1
0
0
0
0
1
