970
146
159
550
17
544
387
203
518
691
671
963
813
530
468
195
669
275
862
733
841
253
650
903
813
176
969
644
110
572
802
762
619
867
821
527
853
162
798
246
873
902
194
216
216
727
315
653
256
436
130
212
629
416
643
736
723
558
847
590
699
637
539
76
403
936
870
201
930
830
534
719
750
798
206
442
555
663
684
576
532
65
721
117
747
545
377
288
179
886
78
759
197
562
22
532
296
63
527
513
256
207
890
168
723
451
759
209
946
765
919
877
654
442
467
734
928
110
284
927
426
257
374
653
211
545
424
436
874
758
725
926
405
302
410
291
869
607
662
868
906
775
763
414
87
533
228
183
9.67793225182684
0.16508535059468
146
1
1
1
1
1
1
1
1
0
1
1
1
1
0
1
1
1
1
1
1
1
1
1
1
1
1
1
1
1
0
1
0
1
1
1
1
1
1
1
1
1
1
1
1
1
1
0
1
1
1
1
0
1
1
1
1
1
1
1
1
1
0
1
1
1
1
1
0
1
1
1
1
1
1
1
1
1
1
1
1
1
1
1
1
1
1
1
0
1
1
1
1
1
0
1
1
1
0
1
0
1
1
1
1
1
1
0
0
0
0
1
1
0
1
1
1
1
1
0
1
1
1
1
1
0
1
1
1
1
0
1
1
1
1
1
1
1
1
1
1
1
1
1
1
1
1
