517
104
29
383
431
159
505
340
192
392
417
268
316
249
370
301
385
64
315
332
71
435
270
474
226
34
306
57
223
84
392
277
12
165
326
307
407
486
239
347
465
188
477
285
36
144
192
7
67
412
162
178
72
219
156
333
139
136
240
201
206
359
227
223
68
475
76
240
315
260
513
315
331
503
92
425
423
514
453
165
498
172
132
116
517
514
106
169
38
42
287
454
335
500
17
494
407
23
173
402
330
186
231
260
249
146
8.78223775313915
0.343513259261566
104
1
1
1
0
1
0
1
1
0
1
0
0
0
0
1
0
1
1
0
1
1
1
1
0
1
1
0
1
1
0
0
0
0
1
1
1
0
0
1
1
1
0
1
1
0
0
0
0
0
1
1
0
0
0
1
0
1
1
1
0
0
1
0
1
1
1
0
0
1
1
0
1
1
1
1
1
1
0
0
1
0
1
0
0
0
1
1
1
1
1
1
0
0
1
1
1
1
1
1
1
1
1
1
1
