429
142
46
132
106
427
54
92
22
109
273
365
218
279
207
41
117
296
349
45
253
75
109
424
377
136
385
359
277
60
58
147
424
198
248
401
76
45
294
200
173
247
36
54
191
403
424
42
127
409
125
308
22
246
252
133
125
247
231
360
364
32
299
358
209
262
11
170
194
419
399
234
70
192
139
53
193
104
404
370
124
276
284
145
294
308
169
316
242
147
99
311
118
180
288
78
332
205
345
39
22
60
173
94
334
210
312
393
74
292
185
304
321
101
374
3
73
353
110
287
396
222
137
71
419
38
4
109
76
373
50
184
378
90
421
122
372
2
279
270
144
209
27
219
7.67496264911521
0.363135335576497
142
1
1
0
1
1
1
1
1
0
0
0
1
0
0
1
0
1
0
1
1
0
0
1
0
0
1
1
1
1
1
1
1
1
0
1
1
1
1
0
1
1
0
0
0
0
1
1
1
0
0
0
0
1
1
0
1
0
1
1
1
1
0
1
1
0
1
0
1
0
1
0
1
1
1
1
1
1
1
1
1
1
1
1
1
1
1
1
1
1
1
1
0
1
1
1
1
0
0
1
1
1
1
1
0
1
1
0
0
1
1
0
1
0
1
1
0
1
0
1
1
1
1
1
0
1
1
0
1
1
0
0
0
0
1
1
1
1
0
1
0
0
0
