111
184
67
30
105
40
8
79
30
50
92
77
60
11
55
93
10
7
62
53
63
109
100
81
91
29
104
30
109
12
88
9
67
92
46
9
89
103
83
47
83
86
70
85
109
95
66
79
11
84
8
31
25
31
20
11
38
62
48
106
5
104
72
25
23
8
9
38
92
66
39
91
94
100
54
82
69
26
80
88
38
46
57
66
62
99
42
72
104
13
20
5
51
21
104
48
68
38
52
8
92
73
56
25
79
103
67
70
53
87
104
34
47
41
20
2
100
103
67
79
95
69
61
108
24
49
45
77
104
46
28
68
57
4
22
60
106
81
101
82
58
50
60
21
8
38
67
34
78
106
47
26
14
19
81
57
80
38
61
80
5
97
35
72
24
80
85
84
56
37
66
111
93
82
54
78
91
84
59
27
69
79
85
29
88
76
6.18772909438093
0.374978817012374
184
0
1
1
1
1
0
1
0
0
1
0
1
1
1
1
0
0
1
1
0
0
1
1
1
1
1
1
0
1
1
1
0
1
0
0
1
1
0
1
1
1
1
0
0
1
1
1
1
1
0
1
1
1
0
0
1
0
1
1
0
1
1
0
0
1
1
0
0
0
1
1
1
1
1
0
0
1
1
0
1
1
1
1
0
1
0
0
0
0
1
0
0
1
1
0
1
0
1
1
0
1
0
1
0
1
1
0
1
1
1
1
1
1
0
0
1
1
0
0
1
1
1
1
0
0
1
1
0
0
1
1
1
0
1
0
0
1
1
0
1
1
0
1
1
1
1
0
0
0
0
1
0
0
1
0
0
1
1
1
1
0
1
0
0
1
0
1
1
1
1
1
1
0
1
0
1
0
1
0
1
0
1
0
1
