518
98
442
505
234
490
41
457
37
477
59
94
315
147
82
323
306
364
103
404
224
301
221
149
217
308
258
174
376
385
433
136
343
392
151
458
150
449
478
139
444
376
36
150
71
361
82
72
175
91
278
318
163
195
330
364
162
402
195
197
459
401
444
295
263
177
223
107
434
312
99
252
494
5
113
449
128
253
509
338
286
437
473
63
203
203
433
291
369
293
293
25
173
242
237
497
508
239
187
349
5.10425290014584
0.155016531834809
98
1
0
1
0
1
1
1
1
1
1
1
1
1
1
1
1
1
1
1
1
1
1
1
1
0
1
1
1
1
1
1
1
1
1
0
1
1
1
1
0
1
1
1
1
1
1
1
1
1
1
1
1
1
0
1
0
0
1
0
1
1
1
0
1
1
1
1
1
1
1
1
1
0
1
0
1
0
1
0
1
1
0
1
1
1
1
1
0
1
1
1
1
1
1
1
1
1
0
