117
138
52
107
73
33
72
56
51
109
12
79
115
31
87
35
46
11
37
70
4
79
101
101
72
29
116
99
14
104
100
87
59
95
115
76
24
68
38
73
11
46
37
45
5
60
8
41
9
54
75
112
21
2
79
0
13
2
100
0
76
42
81
73
24
12
105
85
98
83
67
57
35
34
100
19
12
75
44
103
59
55
43
108
95
34
48
35
96
53
13
65
62
26
110
107
73
72
31
105
56
98
73
5
3
97
43
109
102
94
34
89
30
65
7
106
66
4
96
42
99
77
27
112
112
66
66
28
88
19
75
83
62
11
48
15
34
115
33
58
0.140367652510381
0.20070591879412
138
1
1
1
1
0
0
1
0
1
1
1
1
1
1
1
1
1
1
1
1
1
1
1
1
1
1
1
0
1
1
1
0
1
0
1
1
1
0
1
1
1
1
1
1
1
1
1
1
1
1
1
1
1
0
1
1
1
1
1
1
1
1
0
1
0
1
1
1
1
0
0
1
1
1
1
1
0
0
0
1
0
0
1
1
0
1
1
0
1
1
1
1
1
0
1
1
1
1
0
1
0
0
1
1
1
1
0
1
1
1
0
1
1
1
1
1
0
1
1
1
1
1
0
0
0
1
1
1
1
1
1
1
1
1
1
1
1
1
