409
114
65
61
34
255
89
34
143
96
96
229
103
383
223
225
389
128
353
211
307
102
132
184
9
352
314
29
91
111
236
87
290
58
203
405
263
374
364
93
227
191
357
400
350
0
105
153
91
134
365
245
42
29
275
190
189
55
47
235
370
40
269
134
159
374
68
235
95
320
69
131
125
51
246
384
394
259
320
214
287
217
381
202
106
368
271
55
201
158
396
373
103
46
147
84
82
120
46
117
44
206
196
346
330
161
234
351
318
407
203
139
325
295
213
390
2.69785596891785
0.261855783966709
114
0
1
1
1
1
1
1
1
1
1
1
1
1
0
1
1
1
1
1
0
1
0
0
1
0
1
1
1
1
1
1
1
1
1
0
1
0
1
1
0
1
0
1
0
1
1
1
1
1
0
1
1
1
1
0
1
1
1
1
0
0
0
1
0
1
1
1
1
1
1
1
1
0
1
1
1
1
0
1
1
0
0
1
1
0
1
1
0
1
1
0
1
1
1
1
1
1
0
1
1
1
0
1
1
1
1
1
1
1
1
0
1
1
1
