971
78
637
418
44
170
750
575
760
247
87
266
525
357
53
540
587
668
522
40
23
290
145
96
406
427
579
583
287
755
785
809
780
361
17
880
805
241
791
532
787
374
943
313
372
881
897
608
685
486
815
271
758
76
16
249
882
180
174
927
961
326
746
461
496
595
517
249
282
544
573
43
379
213
655
223
747
75
295
943
2.54098697854256
0.00148431312248976
78
1
1
1
1
1
1
1
1
1
1
1
1
1
1
1
1
1
1
1
1
1
1
1
1
1
1
1
1
1
1
1
1
1
1
1
1
1
1
1
1
1
1
1
1
1
1
1
1
1
1
1
1
1
1
1
1
1
1
1
1
1
1
1
1
1
1
1
1
1
1
1
1
1
1
1
1
1
1
