578
90
26
549
431
454
314
66
368
402
129
391
423
430
221
226
130
406
270
173
499
383
389
268
333
43
62
136
169
260
509
183
501
391
25
239
455
21
576
209
268
329
471
281
135
249
489
481
297
559
382
233
168
277
418
115
404
134
476
501
73
381
253
489
568
363
1
242
382
341
96
85
51
69
553
398
183
134
221
487
31
246
9
291
83
472
388
451
560
248
163
324
3.41563320546268
0.172907836061527
90
1
1
0
1
1
1
1
1
0
0
1
0
1
1
1
1
0
0
0
1
1
0
1
1
0
1
1
1
0
1
1
1
1
1
1
1
1
1
1
1
1
1
1
1
1
0
1
1
0
1
1
0
1
1
1
1
1
0
1
1
0
0
1
1
1
1
1
1
0
0
1
0
1
1
1
1
1
1
0
0
1
1
1
1
1
1
1
1
1
1
