652
108
94
132
196
310
76
27
127
629
534
24
645
650
145
318
377
390
285
128
50
317
208
125
435
157
652
348
594
602
651
632
328
31
457
590
447
70
483
71
578
345
283
437
86
398
576
175
29
141
296
597
403
416
68
603
414
125
157
512
291
300
349
124
633
473
525
26
204
179
639
160
595
110
645
225
303
131
291
174
625
258
531
265
251
198
275
5
369
130
70
578
372
124
109
75
464
588
462
357
143
321
298
464
618
651
332
340
576
289
4.17725963576053
0.158483977828348
108
1
1
1
1
1
1
1
1
1
1
1
1
1
1
1
1
1
1
1
1
1
1
1
1
1
1
1
1
1
0
0
1
1
1
1
1
1
0
1
1
1
1
1
1
0
0
1
1
1
1
1
1
1
1
0
1
1
1
1
1
1
1
1
1
0
1
1
0
0
1
1
0
0
1
1
1
1
1
0
1
1
1
1
1
1
1
1
1
1
1
1
0
1
1
1
1
1
1
1
1
1
1
1
1
1
1
0
1
