127
124
127
95
63
89
27
62
120
62
120
67
12
118
12
41
87
63
104
121
94
85
15
33
15
119
23
50
34
68
118
48
21
72
95
122
32
95
68
120
85
108
123
75
45
111
22
7
89
64
66
28
50
105
26
111
108
60
13
40
26
94
123
89
35
16
17
35
75
46
78
55
59
110
47
62
106
82
17
30
115
61
91
15
72
120
30
73
89
103
82
72
113
65
55
36
36
8
90
28
7
37
70
21
22
94
56
122
109
99
104
90
47
58
20
32
12
99
78
116
21
124
106
83
114
35
7.06798271077064
0.31403570530671
124
1
1
1
1
1
1
1
0
1
0
0
1
1
0
1
1
0
1
1
1
1
1
1
1
1
1
1
1
0
1
1
1
1
1
1
1
1
1
0
1
1
1
1
0
1
0
1
0
1
1
1
0
1
1
1
0
0
1
0
1
1
0
1
1
0
1
1
0
1
1
1
1
1
0
1
0
0
1
0
0
1
0
1
1
0
1
0
1
1
1
0
0
0
1
0
1
1
0
1
0
1
1
1
1
1
1
0
0
1
1
0
1
0
1
1
0
0
1
0
1
1
0
0
0
