574
128
353
321
353
305
16
310
39
425
493
234
451
282
262
350
299
153
194
217
216
415
339
277
152
226
247
472
360
484
184
150
223
355
42
243
281
140
283
238
292
302
562
235
229
47
172
40
14
397
468
11
447
294
478
384
296
368
84
344
99
417
159
83
68
356
178
269
340
75
259
86
139
75
454
472
510
343
392
550
442
479
446
352
526
498
402
499
332
377
471
362
333
171
4
94
383
155
139
524
534
8
55
108
300
182
149
555
58
261
397
380
481
232
85
441
105
570
298
116
484
537
304
31
148
560
381
568
279
103
2.54931171772658
0.178193298123627
128
0
0
1
1
1
0
1
1
0
1
1
1
1
1
1
1
1
0
1
1
1
0
0
1
1
1
1
1
0
1
1
1
1
1
1
1
1
1
1
1
1
1
1
1
0
1
1
1
1
1
0
1
1
1
1
1
1
1
1
1
1
1
1
1
1
0
1
1
1
1
1
0
1
1
1
0
0
1
1
0
1
1
1
1
1
1
1
1
1
1
1
1
1
1
0
1
1
1
1
1
0
1
1
1
0
1
0
0
1
1
1
1
1
1
1
1
1
1
1
1
1
1
1
1
1
1
1
1
