865
138
191
307
735
316
221
560
479
523
808
230
632
543
803
160
73
398
719
459
118
758
830
17
374
724
694
694
338
521
10
285
285
478
783
404
797
186
74
379
153
787
26
447
817
571
442
476
540
183
44
391
555
370
805
116
107
524
257
342
759
27
466
364
177
664
529
616
562
725
642
121
159
558
188
17
111
507
633
71
260
539
591
596
416
456
773
177
254
846
164
184
242
599
333
18
191
485
657
201
200
814
531
109
273
864
778
775
832
250
315
157
490
456
190
7
308
395
190
378
291
453
818
96
176
280
71
397
812
359
639
343
651
149
170
579
228
716
146
491
8.38078135968312
0.0506948605347811
138
1
1
1
1
1
1
1
1
1
1
1
1
1
1
1
1
1
1
1
1
1
1
1
1
1
1
1
1
1
1
1
1
1
1
1
1
1
1
1
1
1
1
1
1
1
1
0
1
1
1
1
0
1
1
1
1
1
1
1
1
1
1
1
1
1
1
1
1
1
1
1
1
1
1
1
1
1
1
1
1
1
1
1
1
1
1
1
1
1
1
1
1
1
0
1
1
1
1
1
1
0
1
1
1
1
1
1
1
1
1
1
1
1
1
1
1
1
1
1
1
1
1
1
0
1
1
1
1
0
1
1
1
1
1
1
1
1
1
