750
136
480
225
485
13
716
739
83
297
352
474
689
63
7
453
325
286
235
719
708
134
197
400
680
273
62
493
88
468
115
682
177
333
697
213
488
331
444
469
572
192
17
175
4
436
567
693
119
561
572
240
187
395
615
566
450
347
500
577
437
31
657
19
552
213
7
99
99
602
596
575
390
182
173
477
331
140
709
548
236
185
673
625
170
30
502
123
50
486
568
150
546
640
69
592
149
496
579
241
164
713
493
12
91
482
380
615
652
274
543
644
224
205
398
233
646
573
717
627
103
216
397
749
114
584
743
205
498
99
550
61
436
314
23
357
676
717
5.50657207457028
0.0682147976907463
136
1
1
1
0
1
1
1
1
1
1
1
1
1
1
1
1
1
1
1
1
1
1
1
1
1
1
1
1
1
0
0
1
1
1
1
1
1
1
1
1
1
1
1
1
1
1
1
1
1
1
1
1
1
1
1
1
1
1
1
0
1
1
1
1
1
1
1
0
1
1
1
0
1
1
1
1
1
1
1
1
1
1
1
1
1
1
0
1
1
1
1
1
1
1
1
1
1
1
1
1
1
1
1
1
1
1
1
1
1
1
1
1
1
1
1
1
1
1
1
1
1
1
1
1
1
1
1
1
0
1
1
1
1
1
1
1
