890
116
490
1
305
260
330
27
241
33
286
743
102
508
691
596
554
436
103
608
187
536
330
338
273
756
435
13
497
402
413
147
37
370
749
851
240
203
642
365
577
0
715
569
618
209
610
62
247
302
189
769
806
306
252
92
133
46
558
464
92
858
766
719
623
263
604
757
818
231
393
394
425
744
458
200
320
591
119
129
347
474
481
115
376
106
641
650
11
788
184
386
164
401
480
73
185
571
586
766
812
38
638
204
163
583
400
49
890
495
332
428
799
867
666
49
519
438
5.81568948081112
0.0651978818725836
116
1
1
1
1
0
1
1
0
1
1
1
1
1
1
1
1
1
1
1
0
1
1
1
1
1
1
1
1
1
1
1
0
1
1
1
1
1
1
1
1
1
0
1
1
1
1
1
1
1
1
1
1
1
1
1
1
1
1
1
1
1
1
1
1
1
1
1
1
1
1
1
1
1
1
1
1
1
1
1
1
1
1
1
1
1
1
1
1
1
1
1
1
1
1
1
1
1
1
1
1
1
1
1
1
1
1
1
1
1
0
1
1
1
1
1
1
