716
162
273
497
378
241
662
503
257
686
34
389
512
169
242
449
527
443
437
118
573
239
491
409
660
41
701
553
89
208
10
74
684
676
641
149
531
195
577
70
92
20
90
270
238
574
269
91
219
449
242
366
294
93
198
258
462
618
64
172
86
621
280
169
209
551
338
497
713
332
421
32
425
319
144
515
303
324
668
83
233
6
550
381
360
449
641
334
524
7
434
37
557
591
76
702
413
400
43
464
214
97
702
118
712
59
7
569
697
677
58
339
379
660
401
30
396
633
376
420
403
31
480
208
197
358
256
150
593
573
4
554
33
498
55
175
559
523
699
51
301
210
172
611
80
205
443
262
639
62
391
601
220
436
461
661
23
21
360
122
558
31
278
442
2.57015395429887
0.313962233624374
162
0
1
1
1
1
0
0
0
1
0
1
1
1
0
1
1
1
0
1
1
0
1
1
1
0
1
1
0
1
1
0
1
1
1
1
1
1
1
1
1
0
0
1
1
0
0
1
1
0
1
1
0
1
0
1
0
1
1
1
1
1
1
1
0
0
1
0
1
1
1
1
0
1
1
0
1
1
1
1
0
1
1
1
0
1
1
0
0
1
1
0
0
1
1
0
0
1
0
1
1
1
1
1
0
1
1
0
1
0
0
0
1
1
1
0
1
1
1
0
0
1
1
1
1
1
1
1
1
1
1
1
1
1
1
1
1
1
1
1
1
0
0
1
0
1
1
0
1
1
1
1
0
1
1
1
1
1
1
1
1
1
1
