371
82
119
265
69
370
344
255
83
13
222
137
140
332
317
311
371
357
268
165
221
245
185
206
9
136
20
361
77
17
67
328
160
55
72
226
43
101
170
293
42
71
207
283
41
207
214
201
36
331
210
370
292
298
58
26
40
9
368
179
335
189
304
313
129
85
338
13
110
3
232
337
53
108
242
358
255
229
78
169
263
352
137
220
3.0528926209061
0.294587434898208
82
0
1
1
0
1
0
1
1
1
1
0
1
1
0
1
1
0
1
1
0
0
0
0
1
1
1
1
1
1
0
0
0
0
0
1
1
1
0
1
1
0
1
1
1
0
1
1
1
1
1
1
0
1
1
1
0
1
1
1
1
1
1
0
1
1
1
1
1
1
0
0
1
1
1
1
0
0
1
1
1
1
1
