595
118
330
160
527
357
327
396
362
34
463
190
331
313
6
447
438
503
413
31
52
526
478
511
260
576
547
486
555
343
506
226
560
429
561
315
0
32
357
251
177
144
324
330
265
351
450
221
386
411
278
131
503
507
140
54
217
323
3
558
16
369
139
454
410
147
380
437
51
54
30
575
300
149
87
1
531
13
166
272
269
570
29
417
230
327
427
571
41
422
412
375
22
225
41
588
254
23
306
351
417
4
352
47
315
192
363
183
583
248
259
43
473
572
416
5
273
418
445
312
6.89365775921488
0.306806336710579
118
1
1
0
1
1
0
0
1
1
1
0
1
1
1
1
0
1
1
1
1
0
0
0
1
1
1
1
1
0
1
1
0
1
1
0
0
0
0
1
1
1
1
1
1
1
1
1
0
1
1
0
1
1
1
1
0
1
1
1
1
1
1
1
1
0
1
1
1
1
1
1
1
1
0
0
1
0
1
1
0
1
1
1
1
0
1
1
1
0
1
1
0
0
1
0
1
0
0
1
1
0
1
1
0
0
1
1
1
1
1
0
1
1
0
0
1
1
1
