626
176
117
154
438
530
310
513
165
18
121
355
502
334
430
47
451
192
379
280
114
320
305
451
265
237
536
60
581
205
275
120
384
222
351
180
494
469
416
233
445
192
204
526
439
539
14
445
271
501
500
497
421
57
529
76
221
548
369
309
141
550
480
600
213
490
419
484
424
420
521
65
256
535
612
468
357
268
344
46
527
235
583
352
485
326
595
481
7
360
81
228
457
26
82
276
404
97
29
536
564
144
174
379
279
580
207
428
202
228
191
493
90
545
619
188
457
58
541
160
42
63
45
228
521
410
547
557
434
94
436
548
51
159
294
354
617
412
399
544
178
536
580
495
324
180
443
406
365
605
274
361
617
502
69
620
35
202
436
385
402
231
589
382
167
349
436
430
514
332
355
439
517
287
305
376
271
461
9.61721014773855
0.101740632019307
176
1
0
1
1
1
1
1
1
1
1
1
1
1
0
1
1
1
1
1
1
1
1
1
1
1
0
1
1
1
0
1
1
1
1
1
1
1
1
1
1
1
1
1
1
1
1
1
1
0
1
1
1
1
1
1
1
1
1
1
1
0
1
1
1
1
1
0
0
1
1
1
1
1
1
1
1
1
1
1
1
0
1
1
1
0
1
1
1
1
0
1
1
1
1
1
1
1
1
1
1
1
1
1
1
1
1
1
1
1
1
1
1
0
1
1
1
1
1
1
1
1
0
1
1
0
1
1
0
1
1
0
1
1
0
1
1
1
1
1
1
1
1
1
0
1
1
1
1
1
1
1
1
1
1
1
1
1
1
1
1
1
1
1
0
1
1
1
1
1
1
1
1
1
1
1
1
