724
124
42
528
605
287
523
502
589
125
507
70
555
667
541
103
464
229
707
537
325
645
526
34
596
401
232
22
129
184
122
149
635
485
417
62
519
306
326
661
137
568
99
303
225
249
557
497
512
420
19
169
317
55
220
457
254
150
43
165
627
504
595
482
166
357
116
227
243
612
238
495
238
304
155
691
424
629
620
188
528
215
452
560
654
549
685
514
613
71
557
572
6
632
571
328
656
191
495
565
450
221
713
449
265
595
54
497
536
168
133
260
403
343
83
263
194
587
172
152
143
430
128
684
279
536
5.57184610353724
0.146244109195437
124
1
1
1
1
1
1
1
1
1
1
1
1
1
1
1
1
1
1
0
1
1
1
1
1
0
1
0
1
1
1
1
1
1
0
0
0
1
1
1
1
0
1
1
1
0
1
1
1
1
0
0
1
1
1
1
1
1
1
1
1
0
1
1
0
1
1
1
1
1
1
1
1
0
1
1
1
0
0
1
1
1
1
1
0
1
1
1
1
1
0
1
1
1
1
1
1
1
1
1
1
1
1
1
1
1
1
1
1
1
1
1
1
1
1
1
1
1
1
1
0
0
1
1
1
