442
178
311
329
120
25
84
415
59
202
240
437
94
35
10
353
8
276
202
96
365
435
397
105
221
90
189
80
336
1
143
394
262
135
146
105
243
236
126
11
229
67
298
250
183
204
116
135
227
274
275
393
234
1
188
390
15
407
239
63
432
350
299
285
231
359
29
246
178
206
147
418
229
216
124
417
287
207
156
261
174
135
248
424
209
303
383
144
4
160
33
42
97
98
17
369
265
368
425
228
327
292
34
304
54
313
401
424
196
257
141
415
216
20
421
254
73
61
158
117
264
233
361
39
27
241
251
96
283
132
415
173
188
142
171
222
147
75
326
162
438
245
356
145
110
108
325
326
312
30
148
2
38
103
26
167
51
249
364
94
322
326
287
94
405
329
35
358
229
346
0
297
377
25
100
313
140
161
260
151
0.845516346570712
0.0271326284369057
178
1
1
1
1
1
1
1
1
1
1
1
1
1
1
1
1
1
1
1
0
1
1
1
1
1
1
1
1
1
1
1
1
1
1
1
1
1
1
0
1
1
1
1
1
1
1
1
1
1
1
1
1
1
1
1
1
1
1
1
1
1
1
1
1
1
1
1
1
1
1
1
1
1
1
1
1
1
1
1
1
1
1
1
1
0
1
1
1
1
1
1
1
0
1
1
1
1
1
1
1
1
1
1
1
1
1
0
1
1
1
1
1
1
1
0
1
1
1
1
1
1
1
1
1
1
1
1
1
0
1
1
1
1
1
1
1
1
1
1
1
1
1
1
1
1
1
1
0
1
1
1
1
1
1
1
1
1
1
1
1
1
1
1
1
1
1
1
1
0
1
1
1
1
1
1
1
1
0
