990
84
234
485
758
312
861
272
280
541
774
210
722
622
594
459
430
18
390
608
423
593
104
740
322
455
265
824
457
881
86
706
448
789
20
122
719
401
358
746
927
22
183
66
440
463
948
198
33
797
443
644
947
500
554
289
504
803
448
303
252
975
853
903
184
394
593
763
112
93
85
536
416
198
16
631
60
322
452
434
674
79
904
229
531
848
1.95840567032584
0.0937691461130007
84
1
0
1
1
1
0
1
1
1
1
1
0
1
1
1
1
1
1
1
1
1
1
1
1
1
1
1
1
1
1
1
1
1
1
1
1
1
1
1
0
1
1
1
1
1
1
1
1
1
1
1
1
1
1
1
0
1
1
1
1
0
1
1
1
1
1
1
1
1
1
1
1
1
1
1
1
1
1
1
1
1
1
1
1
