125
172
9
113
47
1
13
78
99
95
94
61
123
116
5
83
120
117
110
69
13
39
79
29
11
31
26
46
105
15
36
36
56
59
102
71
22
55
49
102
123
82
115
96
103
122
50
103
47
76
80
27
58
53
34
10
116
32
76
58
61
106
8
2
123
106
122
63
29
29
20
45
103
78
33
99
92
50
6
63
77
91
121
17
116
118
87
0
82
8
95
90
6
4
85
51
112
89
119
67
28
50
51
6
105
65
19
40
117
108
44
107
31
41
81
95
76
76
122
83
92
119
32
104
21
5
20
119
66
42
56
9
14
10
118
32
46
17
16
35
34
86
107
5
95
68
73
17
99
15
106
123
43
9
123
37
85
31
3
99
78
72
112
98
94
76
10
82
110
65
123
90
73
82
5.49717300215498
0.179522459510109
172
1
0
1
0
0
0
1
1
1
1
1
1
1
1
1
1
1
1
1
1
1
1
1
1
1
1
1
1
0
1
1
1
1
0
1
1
1
1
1
1
1
1
1
1
1
1
1
1
0
1
1
1
1
1
1
1
1
1
1
1
0
0
1
1
1
1
1
1
1
1
0
1
1
1
1
1
1
1
1
1
1
1
1
1
1
1
1
1
1
1
1
1
0
1
1
1
1
1
1
1
0
0
1
1
1
1
1
1
1
0
1
1
1
1
1
1
1
1
1
1
0
1
1
1
1
1
1
1
1
1
1
0
1
1
1
1
0
1
1
1
1
1
1
1
0
1
1
1
0
0
1
1
1
0
1
1
1
0
1
1
0
0
1
1
1
1
0
1
1
0
1
1
