679
84
366
18
541
319
289
392
204
230
104
504
40
519
139
394
63
525
197
154
492
368
566
229
549
434
300
205
635
201
655
51
625
291
505
443
484
482
170
525
180
414
392
391
18
6
78
67
235
473
622
509
167
263
629
575
319
362
382
21
26
114
194
84
492
403
582
19
193
301
383
639
355
357
590
623
319
44
623
40
140
343
8
233
636
413
9.33097719964158
0.203902938269821
84
1
1
1
1
1
1
1
1
1
1
1
1
1
1
1
1
0
1
1
1
0
0
1
1
1
1
1
1
1
0
1
1
1
1
1
0
0
1
1
1
0
0
1
1
1
1
1
1
1
1
1
1
1
1
1
1
0
1
1
1
1
0
1
0
1
1
1
1
1
1
0
1
1
0
1
1
1
1
0
1
1
1
1
1
