195
176
142
132
69
29
86
136
116
37
81
160
53
185
145
192
87
94
180
89
25
4
95
24
117
112
68
70
181
31
18
140
17
122
41
92
140
0
102
174
53
132
25
16
12
127
14
82
121
103
148
181
136
64
177
38
195
162
174
65
55
50
76
167
52
142
186
195
75
138
136
153
149
96
41
75
174
184
31
177
96
174
166
190
30
68
90
0
105
143
81
17
106
27
160
33
107
86
82
158
38
48
60
187
163
123
164
139
193
182
90
27
156
13
24
48
133
185
69
180
28
12
105
149
147
144
5
94
52
106
143
146
30
47
109
145
118
57
6
27
71
119
110
53
186
139
17
188
138
70
75
116
114
126
175
174
3
25
152
87
114
155
180
177
152
108
34
188
122
7
63
118
118
66
170
91
100
15
3.4998505763138
0.0990068096328067
176
1
1
1
1
1
1
1
1
1
1
1
1
1
1
1
1
1
1
1
1
1
1
1
1
1
1
1
1
1
1
0
1
1
1
1
1
0
1
1
1
1
1
1
1
1
1
1
1
1
1
1
1
1
1
1
0
1
1
1
1
1
1
0
1
0
1
1
1
0
0
1
1
0
1
1
1
1
1
1
1
0
1
1
1
1
1
1
1
1
1
1
1
1
1
1
1
1
1
1
1
1
1
1
1
1
1
1
1
1
1
1
1
1
1
1
1
1
1
1
1
1
1
1
1
1
1
1
1
1
1
1
0
1
1
1
1
1
1
1
1
1
1
1
1
1
1
1
1
1
1
1
1
0
1
1
1
1
1
1
1
1
1
1
1
1
1
1
1
1
0
1
1
1
1
1
1
