242
156
137
161
39
209
86
102
31
164
217
134
211
82
124
214
43
233
136
227
30
123
94
81
35
135
106
118
231
32
43
66
29
237
106
58
164
4
175
180
8
21
213
100
151
112
19
167
216
148
107
238
192
44
119
204
180
240
24
9
199
235
122
209
168
129
157
49
240
142
154
41
239
155
45
212
162
227
31
182
24
149
20
70
162
118
44
190
21
6
197
128
0
180
50
67
83
207
91
58
116
218
72
97
156
224
122
143
18
114
219
209
202
52
119
163
127
228
56
48
193
178
95
145
13
185
235
42
94
168
129
196
181
167
181
187
108
193
194
36
150
5
184
151
32
183
119
190
129
132
9
1
166
217
18
187
147
15
8.90202208242969
0.161670791862939
156
1
1
1
1
0
1
0
1
0
1
1
1
1
1
1
1
1
1
1
1
1
0
1
0
1
1
1
1
1
1
1
1
1
1
1
1
1
1
1
1
1
1
1
0
0
1
1
1
1
1
1
1
1
1
1
0
0
1
1
1
0
1
1
1
1
1
1
1
1
1
1
0
1
0
1
0
1
1
0
1
1
1
0
1
1
1
1
1
1
1
1
1
1
1
0
0
1
1
0
1
1
0
0
1
1
1
1
1
0
1
1
0
1
1
0
0
1
1
1
1
1
1
1
0
1
1
1
1
1
1
1
1
0
1
0
1
1
1
1
1
1
1
1
1
1
1
1
1
1
1
1
1
1
1
1
1
