747
92
716
730
219
131
80
80
270
5
657
69
505
215
739
383
222
97
97
49
134
703
594
124
83
655
269
110
271
511
33
444
457
680
375
166
144
330
634
589
644
80
649
445
290
496
61
652
578
467
212
155
574
82
433
333
163
384
451
139
651
198
126
582
706
600
213
255
315
224
32
316
524
723
299
123
219
208
457
130
477
634
538
283
134
196
492
111
654
269
272
50
4
237
5.9803861767289
0.330563032147078
92
1
1
0
1
1
1
0
1
0
1
1
1
1
1
1
1
0
0
1
0
1
1
1
1
0
1
0
1
1
0
0
1
1
1
1
1
0
1
1
1
0
1
1
0
1
1
1
1
1
1
0
1
0
1
1
0
1
1
1
0
1
1
1
0
1
1
1
1
1
1
1
0
1
1
1
1
1
1
0
1
1
1
1
1
1
1
0
1
1
0
0
0
