645
82
264
17
266
339
168
446
383
435
471
331
37
229
484
596
135
266
638
392
423
221
382
143
274
601
520
3
84
55
429
195
316
5
549
291
575
20
568
330
603
158
487
419
256
395
47
138
90
495
615
634
331
242
465
516
506
91
325
550
58
132
445
484
69
128
79
127
344
632
277
405
33
85
137
280
349
572
256
538
569
73
539
491
9.86455529210315
0.188391612917773
82
0
1
1
1
1
1
1
1
1
1
1
1
1
1
1
1
1
1
1
1
0
1
1
1
1
1
1
1
0
1
1
1
1
1
1
1
0
0
0
1
1
0
1
1
1
1
0
1
1
1
0
1
1
1
1
1
1
1
1
0
1
1
1
1
1
1
1
1
0
1
0
0
1
1
1
1
1
1
1
1
1
0
