147
174
142
18
69
22
51
57
10
36
95
76
123
6
146
23
124
135
117
54
23
55
117
133
83
2
145
130
17
114
8
102
4
133
115
120
121
79
125
34
49
28
120
62
20
102
65
76
45
116
55
67
63
112
104
123
133
71
123
8
13
41
101
139
66
51
115
73
44
54
102
85
30
144
81
130
21
121
72
67
75
94
11
45
136
59
103
18
95
91
122
138
113
58
57
72
60
16
13
117
12
92
134
146
34
98
72
125
60
25
43
101
126
145
49
96
55
22
13
102
122
121
4
41
51
50
18
80
5
122
44
72
43
46
103
39
89
37
84
130
13
45
128
100
81
80
31
142
120
133
22
140
114
139
81
68
108
145
125
75
60
112
92
48
93
90
140
141
115
140
6
115
69
1
98
88
8.16558857782844
0.0942094804108415
174
1
1
1
1
1
1
1
1
1
1
1
1
1
1
1
1
1
1
0
1
1
1
1
1
1
1
1
1
1
1
1
0
1
1
1
1
1
1
1
1
1
0
1
1
1
1
1
1
1
1
1
1
1
1
1
1
1
1
1
1
1
0
1
1
1
1
0
1
1
1
1
0
1
1
1
1
1
1
0
1
0
1
1
1
0
1
1
0
0
0
1
0
1
0
1
1
1
1
1
1
1
1
1
1
1
1
1
1
1
1
1
1
1
1
1
1
1
1
1
1
1
1
1
1
1
1
1
1
1
1
1
1
1
1
1
0
1
1
1
1
1
1
1
1
1
1
1
1
1
1
1
1
1
1
1
1
1
0
1
1
1
0
1
1
0
1
1
1
1
1
1
1
0
1
