559
164
183
543
60
370
212
521
48
150
158
499
395
182
203
167
256
296
44
28
9
13
126
179
323
464
379
501
237
244
234
223
381
62
22
478
428
198
459
359
347
41
497
268
13
157
49
396
503
337
211
39
211
263
504
59
546
383
264
435
386
515
302
298
323
139
440
433
380
31
325
280
218
478
162
396
153
495
219
21
22
328
364
429
114
517
537
159
553
15
60
491
319
9
152
221
445
213
99
264
404
461
263
552
514
282
209
57
9
32
184
268
264
494
344
119
384
26
43
524
403
242
404
264
473
364
427
467
452
258
152
450
33
48
372
102
50
21
155
213
35
527
173
206
86
131
95
207
61
372
421
215
305
204
89
37
241
41
171
185
144
336
58
299
218
345
4.50674750454852
0.188447411672688
164
1
0
1
1
1
1
1
0
1
0
1
1
1
1
1
1
1
1
1
1
1
0
1
1
1
1
1
1
1
1
1
0
1
1
1
1
1
1
1
1
1
0
1
0
0
1
1
1
1
1
1
0
1
1
0
1
1
0
1
1
1
1
1
1
1
1
1
1
1
1
1
1
1
1
1
1
0
1
1
1
1
1
1
1
1
1
1
1
1
1
1
1
1
1
1
0
1
1
1
1
1
0
1
1
1
1
1
1
1
1
1
1
1
1
1
0
1
1
1
1
1
0
1
1
1
0
1
1
1
1
1
1
0
1
1
1
1
1
1
1
1
0
1
1
1
1
1
1
0
0
1
1
0
0
1
1
1
0
1
1
1
1
0
1
