295
104
200
257
234
70
39
232
180
130
254
48
272
92
204
150
103
41
55
155
42
168
207
186
179
235
188
108
1
166
98
252
44
168
53
274
179
12
198
276
153
120
91
171
13
166
203
210
294
198
127
222
274
2
120
78
162
240
186
125
167
252
118
25
267
155
228
122
61
148
243
120
25
140
155
119
34
50
172
136
124
142
267
156
138
174
165
291
89
259
220
76
178
205
294
255
2
130
85
239
77
226
12
139
81
70
0.538190335765697
0.235840609266693
104
1
1
1
1
0
1
0
1
1
1
1
1
1
0
1
1
1
1
1
1
1
0
1
1
1
1
1
1
1
1
1
1
1
1
1
1
1
1
1
1
1
1
0
0
1
1
1
1
0
1
0
1
1
1
1
1
1
1
1
1
1
1
1
1
1
1
1
1
0
1
1
1
1
1
1
1
1
1
1
1
1
1
0
0
1
1
1
0
1
1
1
0
1
1
1
1
1
1
1
1
1
1
1
1
