251
94
70
173
122
78
75
20
248
81
200
22
45
78
0
118
205
203
39
173
185
67
74
216
3
35
197
137
16
230
211
72
162
198
208
33
11
41
31
62
181
29
212
119
163
161
246
175
97
25
240
2
135
28
187
96
131
122
201
99
245
203
135
242
221
225
11
101
94
189
189
128
159
67
63
238
159
45
170
137
7
213
187
184
89
132
93
111
222
52
202
201
23
92
203
99
5.31864472282112
0.332112268895003
94
1
1
1
1
1
0
1
1
1
1
1
0
1
1
1
1
0
1
1
1
1
1
1
1
1
1
0
1
1
0
0
0
0
1
1
1
1
1
1
1
1
1
1
1
1
1
0
0
0
1
1
0
1
1
0
1
1
1
0
1
1
1
1
0
1
1
0
0
1
1
0
1
1
0
1
1
1
1
1
0
1
0
0
1
1
0
1
0
1
1
1
1
1
1
