688
104
400
582
137
391
534
460
198
428
623
617
238
471
256
507
525
75
276
178
402
31
102
527
76
231
217
633
348
83
461
270
425
674
43
69
420
379
192
373
334
133
14
37
188
135
370
9
470
290
280
115
38
434
222
29
362
575
96
570
597
409
271
365
135
455
391
26
525
209
226
300
224
577
647
590
521
280
238
271
686
509
533
482
465
564
20
123
425
215
636
251
573
297
151
566
411
428
233
85
72
158
82
522
420
396
5.18103499700877
0.348969705698817
104
1
1
0
1
1
0
1
0
1
1
1
1
1
0
1
1
1
0
1
1
1
0
1
0
0
1
1
0
1
0
0
0
0
1
0
0
1
0
0
1
1
1
1
0
0
1
1
0
1
1
1
1
0
1
1
1
0
1
1
0
0
0
0
1
0
1
0
1
1
1
0
1
1
1
1
1
1
0
0
0
0
1
0
1
1
0
0
1
1
0
1
1
1
1
1
1
0
0
1
1
1
0
1
1
