599
138
17
339
221
503
341
444
539
354
409
529
468
346
7
495
211
446
1
405
265
178
267
43
345
118
109
50
443
501
158
540
530
251
117
509
509
87
468
127
441
376
46
337
213
479
214
304
7
420
364
95
287
353
554
7
67
356
279
343
424
581
406
89
338
188
241
202
149
119
556
419
80
133
465
532
465
559
220
519
299
506
446
396
42
404
570
462
377
570
567
92
383
496
262
577
570
588
343
157
311
578
25
70
210
86
552
406
221
40
78
80
18
123
551
392
479
210
295
502
512
174
141
129
402
459
433
204
276
137
140
513
93
129
119
534
131
323
85
598
0.438833359990047
0.35937191727335
138
1
0
0
0
1
1
1
1
0
0
0
0
1
1
1
0
0
1
0
1
0
1
0
1
1
0
1
1
0
1
1
0
0
1
1
1
1
1
0
1
0
0
1
1
1
1
0
1
0
1
1
1
1
1
1
1
1
0
1
1
1
0
1
0
1
1
1
1
1
0
1
1
1
1
1
1
1
1
1
1
0
1
0
1
0
0
0
1
1
1
1
1
1
1
0
1
1
0
1
1
0
0
1
1
1
0
0
0
1
1
1
0
1
0
1
1
1
1
1
1
0
0
1
1
1
1
0
1
1
1
1
1
1
1
1
0
1
1
