175
176
81
104
136
73
31
85
58
76
78
68
102
127
61
34
27
8
149
60
56
118
73
23
82
145
141
146
165
98
46
170
129
16
60
20
127
108
24
40
7
148
105
15
95
37
166
73
55
111
95
52
72
7
31
21
150
72
160
76
23
17
145
16
90
162
167
152
103
171
71
29
13
21
15
162
82
113
114
151
173
153
75
92
31
58
175
74
78
162
64
112
142
106
156
149
36
13
79
63
62
115
118
113
34
67
59
120
129
20
160
162
156
50
76
38
10
126
110
97
58
175
40
161
3
159
70
37
143
66
54
21
9
43
139
41
36
75
85
173
157
147
166
144
144
136
45
49
29
143
59
159
81
175
53
40
122
77
52
105
68
142
173
2
161
44
8
69
110
158
72
158
165
19
6
39
107
103
7.82094046946051
0.276085858996551
176
0
1
1
1
0
1
1
0
1
1
1
0
1
0
1
0
1
1
1
0
0
1
1
1
1
1
0
1
1
1
0
0
0
1
1
1
1
0
0
1
1
0
0
0
1
0
0
1
1
1
0
1
1
1
1
0
1
1
0
1
1
1
0
0
1
1
1
0
0
1
1
0
1
1
1
1
0
0
0
1
1
1
1
0
1
0
1
0
0
0
1
0
1
1
1
1
1
0
1
1
1
1
1
1
1
0
1
0
1
1
0
1
1
0
1
1
0
1
0
0
1
0
1
1
0
1
1
1
1
0
1
1
1
1
0
1
1
0
0
1
0
1
1
1
0
1
1
0
1
0
1
1
1
1
1
0
1
1
1
1
0
1
1
1
1
1
0
1
0
0
1
1
0
1
1
0
