785
144
666
576
371
764
452
248
333
355
362
140
256
381
386
719
479
774
743
448
574
756
158
392
48
576
84
162
739
303
308
576
771
7
233
388
631
341
225
120
430
195
532
118
388
504
573
260
18
420
309
200
208
530
335
23
218
11
41
357
429
128
114
538
207
594
90
513
11
22
502
334
741
62
342
517
274
400
508
193
216
517
713
41
264
354
325
640
351
150
65
255
349
296
224
360
43
455
672
288
765
634
170
319
670
280
489
169
391
381
476
234
66
417
380
437
279
246
175
604
192
19
459
77
489
350
498
733
176
4
430
347
69
274
124
665
351
28
45
161
765
263
557
421
413
511
4.53666623851577
0.258719599624712
144
1
0
1
0
1
1
1
0
1
1
1
1
1
1
1
0
1
1
1
1
1
0
0
1
1
1
1
1
0
1
1
1
1
0
0
1
1
1
1
1
1
1
1
1
1
1
1
0
1
1
0
0
1
1
1
0
1
1
1
1
1
1
0
1
1
1
1
1
0
1
1
1
1
1
0
0
1
0
1
1
0
1
1
1
1
1
1
0
0
1
0
1
1
1
1
1
0
0
1
0
0
1
1
1
1
1
1
1
0
1
1
0
1
1
1
1
1
0
1
0
1
1
1
1
1
1
1
1
1
0
0
1
1
1
1
0
1
1
1
0
0
1
1
1
