595
132
593
245
76
494
531
243
159
192
95
335
470
338
304
267
304
534
9
439
209
359
272
557
12
285
569
430
218
432
65
112
541
143
415
449
462
503
301
44
92
575
420
455
341
482
271
412
86
581
190
9
466
373
465
306
218
401
258
10
342
368
118
348
335
502
510
19
412
541
104
73
103
319
497
469
395
292
547
494
209
174
505
540
521
9
50
562
400
207
160
27
351
439
365
476
72
393
339
523
198
269
97
7
194
550
208
463
331
38
280
589
128
582
465
513
248
443
347
22
453
307
485
340
366
531
338
446
541
121
90
480
545
345
4.29017769803085
0.356700563235502
132
1
1
1
1
0
1
1
1
1
1
0
0
1
1
1
1
0
0
0
1
1
0
1
1
0
1
1
1
1
0
1
1
0
1
1
1
1
0
1
1
1
0
1
0
0
1
0
1
1
1
0
1
1
1
1
1
0
1
0
1
1
0
1
0
0
0
0
1
0
0
1
1
0
1
1
1
1
0
0
0
1
0
1
0
1
1
0
1
0
0
1
1
1
1
0
1
0
1
1
1
1
1
1
0
1
1
1
1
1
0
0
1
1
1
1
1
1
1
0
0
1
1
1
0
1
1
0
1
1
0
0
1
