156
104
96
8
49
78
68
49
35
11
43
27
114
34
144
96
107
40
67
125
33
66
26
100
51
3
111
47
83
153
129
135
102
105
131
87
81
93
108
10
60
43
71
82
70
27
107
65
156
125
132
58
5
123
65
44
4
18
130
145
108
3
23
101
127
55
0
47
117
99
69
150
109
78
20
56
118
89
59
147
71
104
16
42
107
110
133
155
71
114
69
65
48
1
33
3
72
155
79
65
103
156
63
13
0
116
1.37868266504716
0.380137700938416
104
1
1
1
0
0
1
1
0
0
1
1
1
0
0
1
0
0
1
0
0
1
0
1
1
1
0
1
1
1
1
0
1
1
0
1
0
0
1
0
0
0
0
1
1
0
1
1
0
1
1
1
1
1
1
0
1
1
0
1
1
1
1
1
1
0
0
1
1
1
0
1
0
0
1
1
1
0
1
1
1
1
1
1
1
0
0
1
1
1
0
1
0
1
1
0
1
0
1
1
1
1
1
0
0
