269
106
242
45
30
254
91
110
246
83
200
108
93
198
172
263
22
68
89
44
142
176
60
56
31
116
13
34
163
107
27
210
91
95
164
17
232
29
137
149
27
104
243
246
18
72
73
253
126
210
249
239
161
177
122
158
215
129
190
78
220
225
233
63
193
107
244
265
193
214
269
158
227
95
96
182
182
197
181
264
233
254
81
228
175
158
110
107
245
111
260
210
218
174
79
74
22
235
264
40
161
69
174
22
40
144
201
101
0.367472614854509
0.0436392599790342
106
1
1
1
1
1
1
1
1
1
1
1
1
1
1
1
1
1
1
1
1
1
1
1
1
1
1
1
1
1
1
1
1
1
1
1
1
1
1
1
1
1
1
1
1
1
1
1
1
1
1
0
1
1
0
1
1
1
1
1
1
1
1
1
1
1
1
1
1
1
1
1
1
1
1
1
1
1
1
1
1
1
1
1
1
1
1
1
1
1
1
1
1
1
1
1
1
1
1
1
1
1
1
1
1
1
1
