582
136
343
385
301
563
344
207
0
487
527
68
147
550
436
409
450
333
201
77
512
434
14
29
73
404
32
485
477
300
35
1
197
332
582
69
108
442
209
28
399
282
444
166
307
238
54
187
556
421
372
74
99
346
125
201
491
102
291
439
200
104
535
426
377
402
288
399
261
228
114
172
222
4
347
140
435
394
25
503
476
67
150
509
383
358
232
567
364
508
344
523
431
474
181
288
483
193
452
308
469
182
359
204
317
571
103
319
321
409
541
136
580
133
251
239
95
443
42
507
564
333
91
96
17
552
170
90
33
570
412
426
451
106
303
68
64
239
6.05049616801297
0.261014655762027
136
1
1
0
1
0
0
1
1
0
1
1
1
1
0
1
0
1
1
0
1
0
1
1
1
1
1
1
1
1
1
1
1
1
1
1
1
1
1
1
1
0
0
1
1
1
1
0
1
1
1
1
1
1
1
1
1
1
0
1
1
1
0
1
1
1
1
1
1
1
1
1
1
1
1
1
1
1
0
0
1
0
1
1
1
1
0
1
1
1
1
0
1
1
0
1
0
1
1
1
1
0
1
1
1
1
1
0
0
1
1
0
1
1
1
1
1
1
1
1
1
1
1
1
0
1
1
1
1
0
1
0
1
1
1
0
1
