513
186
122
155
71
508
101
42
135
162
23
387
505
373
78
364
317
276
223
49
2
45
63
296
465
450
463
448
457
215
370
455
262
392
316
359
31
264
385
70
368
129
177
312
26
49
360
509
178
501
277
208
421
337
492
8
48
175
28
120
150
63
434
254
126
425
258
455
269
182
316
460
482
205
162
12
128
229
225
443
157
374
495
177
445
273
231
36
97
78
321
192
208
450
245
250
388
325
411
246
352
240
116
59
397
370
505
103
473
422
143
260
344
277
184
390
372
351
223
160
395
407
143
286
222
429
24
55
43
265
264
269
449
320
117
70
385
22
51
16
350
287
144
34
391
459
241
410
119
135
11
486
69
394
301
223
341
436
279
104
39
119
91
232
282
9
124
294
64
84
343
88
80
511
206
422
169
466
229
140
26
82
434
451
318
370
269
231
1.44848946702017
0.100552774823895
186
1
1
1
1
1
0
1
1
1
1
1
1
1
1
1
1
1
1
0
1
1
1
1
1
1
1
1
1
1
1
1
1
1
1
1
1
0
1
1
1
1
0
1
1
1
1
1
1
0
1
1
1
1
1
1
1
1
1
1
1
1
1
1
1
1
1
0
1
1
1
1
1
1
1
1
1
0
1
1
1
1
1
1
1
1
1
1
1
1
1
1
1
1
1
1
0
1
1
1
1
1
1
1
1
1
1
1
1
1
1
1
1
1
1
1
1
1
1
1
1
1
1
1
1
1
1
1
1
1
1
1
1
0
1
1
1
1
1
1
1
1
1
0
1
1
1
1
0
1
1
0
1
1
1
1
1
1
1
1
0
1
1
0
1
0
1
0
1
1
1
1
1
0
1
1
1
1
1
1
1
1
1
1
1
1
1
