662
126
505
366
481
492
556
19
28
325
470
399
609
118
579
86
475
567
195
333
13
322
420
557
3
401
434
619
628
621
578
335
614
64
542
34
583
188
485
300
87
480
566
70
592
240
240
131
123
614
27
114
12
279
493
550
534
489
217
414
512
49
265
624
508
17
150
426
374
292
131
459
81
182
215
459
542
258
171
462
223
589
582
544
75
331
150
525
16
633
572
555
327
345
13
345
149
496
216
245
581
374
304
52
363
530
86
378
169
3
471
553
472
526
188
506
11
605
285
117
109
527
335
529
638
433
289
521
3.69161517461082
0.382232882661564
126
1
1
0
0
0
1
1
0
1
1
1
1
1
1
0
1
1
1
1
1
1
0
1
0
0
1
0
1
0
0
0
1
0
0
0
0
0
1
1
1
1
0
0
1
0
1
1
1
0
0
0
1
1
0
0
1
0
0
0
1
1
1
1
0
0
1
1
0
1
1
1
1
1
1
1
0
1
0
1
0
1
0
0
1
1
1
1
0
1
1
1
0
1
0
1
0
0
1
1
0
0
0
1
1
1
1
0
1
1
1
1
0
1
1
1
1
0
0
1
1
1
1
1
1
1
0
