286
134
67
85
246
196
153
216
157
199
48
12
167
121
216
115
107
17
259
174
175
191
112
162
5
146
22
203
1
168
168
30
282
129
17
52
199
191
153
85
244
238
199
197
258
146
6
167
88
123
217
25
130
164
204
250
162
134
106
62
112
283
110
263
65
20
172
44
42
265
233
56
271
86
187
46
219
213
201
173
158
198
199
271
76
60
215
9
186
220
247
106
257
54
79
167
224
4
128
184
60
192
66
170
193
192
277
25
88
271
218
72
165
135
71
164
169
84
195
58
51
47
20
275
172
171
235
46
68
82
39
25
175
255
52
132
7.12397649780064
0.0425396649787354
134
1
1
1
1
1
1
1
1
1
1
1
1
1
1
1
1
1
1
1
1
1
1
1
1
1
1
1
1
1
1
1
1
1
1
0
1
0
1
1
1
1
1
1
1
1
1
1
1
1
1
1
1
1
1
1
1
1
1
0
1
1
1
0
1
1
1
1
1
1
1
1
1
1
1
1
1
1
1
1
1
1
1
1
1
1
1
1
1
1
1
1
1
1
1
1
1
1
1
1
0
1
1
1
1
1
1
1
1
1
1
1
1
1
1
1
1
1
1
1
1
1
1
1
1
1
1
1
1
1
1
1
1
1
1
