565
182
328
353
465
509
383
360
330
309
323
317
289
202
60
255
216
91
284
474
507
108
445
162
166
144
292
414
74
511
208
215
209
401
363
401
351
34
286
401
199
513
214
141
236
41
6
405
103
160
273
446
249
438
411
447
528
354
405
267
133
220
15
302
343
31
203
108
97
564
295
498
35
309
451
540
358
286
145
311
523
263
479
264
270
418
538
193
84
338
267
492
315
449
448
402
54
463
441
412
125
18
131
165
294
279
514
158
231
60
185
88
437
534
389
63
559
60
59
394
322
563
423
132
136
517
140
464
394
274
372
397
527
118
301
10
395
490
519
459
139
107
93
223
392
104
208
60
303
250
119
218
90
402
564
32
324
135
522
458
201
381
310
24
484
522
23
49
214
502
103
294
399
277
416
316
474
126
28
490
388
349
384
66
7.93409795567207
0.382222394699192
182
0
1
1
0
1
1
0
0
1
1
1
1
1
1
0
1
1
1
1
1
0
0
1
1
1
0
1
1
1
1
1
1
1
1
1
0
0
0
1
1
0
1
0
1
1
0
1
0
1
0
1
0
0
1
0
1
1
0
1
1
1
1
0
1
1
0
1
1
1
1
0
1
1
1
0
0
1
1
1
0
0
0
0
1
1
0
1
1
0
1
1
0
0
1
1
1
0
1
1
0
1
1
0
1
1
1
0
0
1
1
1
1
0
0
0
1
0
0
1
1
0
1
0
1
0
1
0
1
0
1
1
1
0
0
1
1
0
1
1
0
1
1
1
1
1
1
0
1
1
1
1
1
0
1
1
1
1
1
0
0
1
1
1
1
1
0
0
1
1
1
1
1
1
1
1
0
0
0
1
1
1
1
