916
186
704
164
350
48
383
762
568
75
415
326
127
112
590
412
54
305
900
53
818
166
521
301
91
443
601
380
156
33
269
435
550
301
577
567
892
597
814
807
884
901
768
299
635
210
626
169
600
378
648
426
157
569
597
503
869
710
39
855
3
61
354
344
206
673
482
546
607
297
16
317
295
631
396
306
329
338
641
681
66
279
362
154
831
685
238
721
878
213
910
616
915
72
146
451
883
131
486
534
686
867
584
564
625
4
378
423
45
409
304
229
551
257
490
887
702
424
333
892
146
390
859
518
741
140
580
345
638
820
8
107
256
460
226
363
162
106
846
304
329
770
189
335
602
521
126
156
640
817
84
75
355
711
833
279
707
635
475
51
593
868
145
375
611
200
612
231
554
406
916
477
471
166
354
108
224
816
71
436
425
473
60
490
763
54
156
836
8.99019388856724
0.0844748476142449
186
1
1
1
1
1
1
1
1
1
1
1
1
1
1
1
0
1
1
1
1
1
0
1
1
0
1
1
1
1
1
1
0
1
1
0
1
1
1
1
0
1
0
1
1
1
0
1
1
1
1
1
1
1
1
1
1
1
1
1
1
1
1
1
1
1
1
1
1
1
1
1
0
1
1
1
1
1
1
0
1
1
1
1
1
1
1
1
1
1
1
1
1
1
1
1
1
1
1
1
1
1
1
1
0
1
1
1
1
1
1
1
1
1
1
1
1
1
1
1
1
1
1
1
1
1
1
1
1
1
1
1
1
1
1
1
1
1
1
1
1
1
1
1
0
1
1
1
1
1
0
1
0
1
1
1
1
1
1
1
1
1
0
1
1
1
1
1
1
1
1
1
0
1
1
1
1
1
1
1
1
1
1
1
1
1
1
