495
172
168
17
245
191
348
432
109
420
32
156
321
203
450
161
195
395
52
105
72
21
397
208
476
116
356
255
110
117
417
294
223
290
487
159
354
38
159
469
8
427
403
175
109
482
494
479
5
100
178
286
159
258
110
212
319
313
410
44
425
412
245
67
459
407
393
80
319
30
266
367
359
286
472
421
351
100
10
378
28
470
456
171
458
481
161
56
370
477
73
287
212
260
113
338
66
267
336
374
220
44
466
239
429
233
462
321
448
379
183
279
350
343
231
259
304
262
16
195
209
489
336
8
257
134
410
56
128
391
274
195
267
108
256
433
115
458
114
301
271
29
200
184
161
35
301
312
264
199
95
480
436
338
203
13
110
396
450
99
409
176
451
487
118
488
342
143
444
478
453
373
382
455
1.9637853633825
0.237288531870294
172
1
1
1
1
0
1
0
1
1
0
1
1
0
0
1
0
1
1
0
1
1
1
1
1
1
1
1
1
1
0
0
1
1
1
1
1
0
1
1
1
1
1
1
1
1
1
1
1
0
0
1
1
1
1
1
1
1
1
1
1
1
1
1
1
0
0
1
1
1
1
0
1
1
0
1
1
1
1
1
1
0
1
0
1
0
1
1
1
1
1
1
1
1
1
1
1
0
1
1
1
1
1
1
1
0
1
1
1
0
1
1
0
0
1
1
1
1
1
0
1
1
1
1
1
1
1
1
1
1
1
1
0
1
1
1
1
1
1
1
1
1
1
0
1
0
0
1
0
1
0
1
1
0
0
1
1
0
1
1
0
1
1
1
1
1
0
1
1
0
0
1
1
