784
154
772
65
357
10
24
324
168
548
737
3
721
348
141
475
178
464
731
694
121
549
364
386
277
189
141
409
653
586
34
687
253
335
139
498
373
142
464
623
602
751
399
387
144
208
559
170
741
149
92
71
350
435
639
710
521
504
515
317
217
181
158
232
646
592
240
520
530
110
497
19
310
623
346
22
689
730
248
126
588
234
90
749
439
51
419
440
261
55
781
362
545
195
762
273
447
468
627
488
757
44
86
50
302
670
316
420
317
582
757
275
362
611
276
450
327
498
448
229
498
229
68
169
283
580
188
409
766
230
258
316
238
656
503
571
195
155
18
89
165
365
679
734
431
436
669
510
329
415
424
484
174
146
727
119
7.37950160504827
0.121450666704589
154
1
1
1
1
0
1
1
1
1
1
0
1
1
1
1
1
0
1
1
1
1
1
1
0
1
1
1
1
1
1
1
1
1
1
1
1
1
1
1
1
1
1
1
1
1
1
1
1
1
1
1
1
1
1
1
1
1
1
1
0
1
1
0
1
1
1
1
1
1
1
1
1
0
1
1
1
1
1
1
1
0
1
1
1
1
1
1
1
1
0
1
1
1
1
1
1
1
1
1
1
1
1
1
1
1
1
1
1
1
1
1
1
1
1
1
0
1
1
1
1
1
1
1
1
0
1
1
1
1
1
1
0
0
1
1
1
1
1
1
1
1
1
0
1
1
1
1
1
1
1
0
1
1
1
