644
118
76
115
353
590
92
606
139
395
611
501
106
590
217
101
231
132
596
575
245
408
587
338
571
111
628
232
591
567
616
290
509
159
234
574
342
541
29
73
161
519
81
73
228
162
164
611
262
362
47
186
514
291
381
235
586
257
245
167
122
530
173
390
275
228
461
402
534
232
304
222
372
288
303
470
314
96
432
217
90
594
326
163
594
508
503
532
468
552
252
45
0
488
492
387
435
245
363
11
279
529
192
140
409
570
285
570
449
59
197
554
388
389
362
320
101
541
294
465
1.33388889457123
0.0887464157696733
118
1
1
1
1
1
0
1
1
1
1
1
0
1
1
1
1
1
1
1
1
1
1
1
1
1
0
0
1
1
1
1
1
1
1
1
1
1
1
1
0
1
0
1
0
1
1
1
1
1
1
1
1
1
1
1
1
1
1
1
1
1
1
1
1
0
1
1
1
1
1
1
1
1
1
1
1
1
1
1
1
1
1
1
1
1
1
1
1
1
0
0
1
1
1
1
0
1
1
1
1
1
1
1
1
1
1
1
1
1
1
1
1
1
1
1
1
1
0
