467
98
284
277
223
293
232
266
264
462
113
98
218
53
388
412
300
215
143
155
431
226
346
81
5
283
10
292
155
105
224
424
163
97
433
81
10
261
343
209
44
34
113
454
270
70
205
118
355
391
15
334
346
350
377
424
320
265
182
336
384
320
402
28
271
284
406
78
180
417
3
199
48
321
422
88
451
152
93
237
383
2
138
93
340
203
399
452
42
267
162
303
111
335
456
234
321
134
26
313
4.22849365328443
0.0298189359283962
98
1
1
1
1
1
1
1
1
1
1
1
1
1
1
1
1
1
1
1
1
1
1
1
1
1
1
1
1
1
1
1
0
1
1
1
1
1
0
1
1
1
0
1
1
1
1
1
1
1
1
0
1
1
1
1
1
1
1
1
1
1
1
1
1
1
1
1
1
1
1
1
1
1
1
1
1
1
0
1
1
1
1
1
1
1
1
1
1
1
1
1
1
1
1
1
1
1
1
