584
106
475
58
94
329
425
207
488
556
250
208
112
428
532
278
5
570
87
323
283
437
357
482
516
8
533
320
222
183
553
376
148
489
339
97
166
574
300
549
323
484
573
155
300
8
307
72
360
437
442
15
69
46
507
59
158
390
204
430
316
490
140
259
204
338
401
174
505
90
579
361
162
104
193
273
563
432
79
325
163
150
366
415
301
474
246
46
221
488
472
61
195
298
400
344
209
494
5
486
238
171
85
283
58
449
89
15
9.17241877072488
0.37117890106401
106
1
1
1
0
0
1
0
1
0
1
1
1
0
1
1
1
1
1
0
1
0
0
1
0
0
0
1
1
1
1
1
1
1
1
1
1
0
0
0
1
0
1
1
1
0
0
1
0
0
0
1
1
0
0
1
1
1
0
1
1
0
0
1
1
1
1
1
1
1
0
1
0
1
1
1
1
0
0
1
1
1
1
1
0
1
0
1
1
1
1
0
1
1
1
0
0
1
1
0
0
0
1
1
0
1
1
