775
194
767
633
355
684
411
199
211
665
561
532
283
475
429
638
138
697
511
372
759
300
636
71
153
327
257
737
111
708
597
635
429
86
306
648
655
155
156
234
164
484
230
696
255
574
437
642
105
444
541
645
422
39
520
142
713
7
449
609
376
294
58
303
544
304
449
199
148
491
674
492
262
576
604
431
369
647
293
450
131
156
187
36
147
6
361
598
676
142
651
429
412
136
732
39
168
340
195
476
387
14
453
255
501
119
336
174
185
272
193
284
758
43
226
563
500
524
597
557
497
243
116
772
668
515
707
696
447
1
403
513
401
474
334
637
471
241
740
481
641
753
35
735
293
417
116
752
142
389
425
688
754
560
5
716
436
590
547
6
578
156
300
735
716
173
25
312
219
323
578
316
25
537
214
30
332
110
301
383
446
371
51
568
236
526
695
444
522
199
638
155
267
618
288
235
6.26557714415822
0.328820201167603
194
1
1
1
1
1
1
1
1
0
0
1
1
1
0
1
1
1
0
1
0
0
0
0
1
1
1
1
0
1
0
1
1
0
1
1
1
0
1
0
1
1
1
0
0
1
0
1
1
0
0
0
1
1
1
1
1
1
1
1
0
0
1
0
0
1
0
1
1
1
0
0
1
1
0
0
0
1
1
0
0
1
1
1
1
0
1
0
0
0
1
1
0
0
1
1
0
1
1
0
0
0
0
1
1
1
1
0
1
1
0
1
1
0
1
1
1
0
1
1
0
0
1
1
0
1
0
1
0
1
1
1
0
1
1
1
0
1
1
1
0
0
1
1
1
1
1
0
1
1
0
1
1
1
1
0
1
0
1
1
1
1
1
1
0
1
1
1
1
0
0
1
1
1
0
0
0
1
0
1
1
1
1
1
0
0
1
1
1
1
1
1
0
1
1
