738
150
465
638
151
505
2
461
290
533
707
133
640
628
714
297
606
690
227
372
110
653
251
427
401
352
382
479
366
566
154
305
498
27
468
145
623
665
188
393
45
720
189
164
523
167
472
644
169
293
387
133
628
457
206
592
29
514
654
618
199
532
319
722
345
371
481
296
305
346
4
156
125
662
136
88
689
700
251
452
84
53
57
486
720
624
578
706
190
558
298
480
86
691
393
407
45
645
24
47
710
259
82
204
483
168
585
76
559
195
425
46
723
599
661
321
733
541
113
539
113
455
738
83
277
362
327
192
360
605
472
358
697
688
306
541
545
3
177
46
260
657
113
678
625
681
330
518
450
276
81
593
4.89750604384215
0.0967030531211148
150
1
0
1
0
1
1
1
1
1
1
1
1
1
1
1
1
1
1
0
1
1
1
1
1
1
1
1
1
1
1
1
0
1
1
1
0
1
1
1
1
1
1
1
1
1
1
1
1
1
1
1
1
1
1
1
1
1
1
1
1
1
1
1
1
1
1
1
1
1
0
1
1
1
1
1
1
1
1
1
1
1
1
1
1
1
0
1
0
1
1
1
1
1
1
1
1
1
1
1
1
1
0
1
1
1
0
0
1
1
1
1
1
1
1
1
1
1
0
1
1
1
1
1
1
1
1
1
1
1
1
1
1
1
0
1
1
1
1
1
1
0
1
1
1
1
1
1
1
1
1
