433
200
176
111
267
332
365
137
112
88
125
344
156
130
272
154
131
428
432
153
15
271
366
129
89
118
150
2
63
299
408
362
308
49
169
162
248
209
325
140
211
23
154
360
149
145
425
261
38
417
299
246
239
149
23
74
141
268
214
319
70
1
98
59
102
320
174
284
162
133
230
100
98
255
374
109
130
153
430
422
404
58
390
59
249
112
202
296
303
55
124
401
387
29
312
411
200
338
308
381
308
36
118
49
210
326
214
283
410
7
67
398
197
173
300
269
202
397
230
201
188
92
107
51
350
314
178
7
349
288
127
90
337
130
315
33
289
280
171
140
83
31
51
219
395
268
32
424
216
330
24
304
184
345
404
426
310
405
175
280
397
403
382
206
325
144
80
386
319
182
124
221
423
383
144
417
31
242
428
71
7
208
234
391
290
348
52
50
6
97
296
424
155
416
384
38
176
42
343
179
22
275
1.01418316933671
0.35608454960327
200
1
1
0
1
1
0
0
0
1
0
1
1
1
1
0
0
0
1
1
1
1
1
1
1
0
0
1
0
1
0
0
1
0
1
1
1
0
0
1
0
1
0
1
1
0
1
1
1
1
1
1
1
0
1
1
1
1
1
1
1
1
1
1
1
0
1
0
0
0
0
1
0
0
1
1
0
0
0
0
0
0
1
0
1
1
1
0
0
0
1
0
1
0
0
1
1
0
1
1
0
1
0
1
1
1
1
1
1
1
1
0
0
1
1
0
0
1
0
1
0
0
1
1
1
1
0
1
1
1
0
1
1
1
0
0
1
1
1
1
1
1
1
1
1
1
0
1
1
1
1
1
1
1
1
0
0
1
1
0
0
0
1
0
0
1
0
1
1
1
1
0
1
0
1
0
0
0
0
0
1
0
1
1
0
1
1
0
1
1
1
1
1
1
1
1
1
1
1
1
1
