418
100
54
263
205
147
245
41
295
263
368
15
108
322
81
306
148
165
45
27
173
135
61
219
86
172
33
189
411
325
82
374
170
28
404
189
250
364
34
315
336
347
380
174
205
328
190
21
31
56
51
243
202
286
332
259
136
105
312
152
323
370
157
367
315
108
343
176
418
231
42
196
382
407
100
232
76
102
128
307
214
211
387
276
250
187
79
41
273
179
289
360
68
182
23
3
163
0
248
238
15
343
9.05042542271248
0.376639176617666
100
0
1
0
1
1
1
1
1
0
1
1
1
0
0
0
1
1
1
1
1
0
1
1
1
1
1
1
1
1
0
0
1
0
1
1
1
1
1
1
1
1
0
1
1
1
1
1
1
1
1
0
1
1
0
1
0
1
1
0
0
1
1
0
0
0
0
0
1
0
1
1
1
0
1
0
0
1
1
1
0
1
0
0
1
0
0
0
0
1
0
1
1
0
1
1
1
1
0
1
0
