364
130
181
224
195
236
125
316
28
18
189
236
165
88
38
113
220
359
222
89
293
159
200
278
1
167
199
260
359
309
114
304
340
23
126
127
265
25
342
139
85
253
355
177
308
231
325
235
259
196
291
31
176
105
138
338
100
234
55
106
265
148
317
339
156
110
136
314
290
212
263
290
14
207
325
128
256
216
193
326
285
2
23
293
208
152
329
175
59
120
169
138
77
2
183
27
1
233
194
319
139
357
174
134
176
187
140
360
259
274
177
158
310
357
255
161
69
73
190
157
355
287
202
38
266
156
313
9
192
316
112
163
4.14888174460003
0.365994785201857
130
1
1
1
1
1
1
1
1
0
0
1
1
0
0
1
1
0
1
1
1
0
1
0
0
0
1
1
0
1
1
1
0
1
1
1
1
0
1
0
1
1
0
1
1
1
0
0
0
1
1
1
0
1
0
0
1
0
0
1
1
1
1
0
1
0
1
1
1
1
1
1
1
1
0
0
1
1
0
0
1
1
1
0
1
0
1
0
1
1
1
0
1
1
1
1
0
1
0
1
1
0
1
1
0
0
1
1
1
0
0
1
0
1
1
1
0
1
0
1
1
0
1
1
1
1
0
0
1
1
1
