517
118
314
287
374
269
99
196
462
28
292
157
368
91
331
335
101
393
90
35
44
35
82
322
158
395
195
239
322
6
19
307
416
361
343
68
357
318
159
47
483
294
73
2
125
366
487
401
95
86
179
103
348
274
443
356
115
251
8
444
207
212
127
167
449
8
97
252
286
154
24
74
375
505
205
117
216
101
347
59
21
203
443
333
291
284
303
352
145
118
169
283
392
72
318
85
303
506
254
34
158
167
149
129
314
163
174
123
76
137
271
240
230
368
41
496
173
441
61
181
1.23680642096445
0.381975747288049
118
1
0
1
1
1
1
1
0
1
0
1
0
0
1
1
0
1
1
1
0
1
1
1
1
0
1
0
0
0
1
0
0
1
0
0
1
1
1
0
1
1
0
1
1
0
0
1
0
1
0
1
1
1
1
0
1
1
0
1
0
1
0
0
0
0
0
0
1
1
0
1
1
0
1
0
1
0
1
1
0
1
1
1
1
1
0
0
1
0
1
1
1
0
0
1
1
1
1
1
0
0
1
1
0
1
1
1
1
1
0
0
1
1
0
0
0
1
0
