753
146
548
700
575
535
47
162
474
508
277
700
129
342
234
687
351
602
317
568
469
645
555
197
657
506
227
59
156
663
359
24
570
604
220
141
298
4
593
747
359
280
203
602
752
692
280
93
50
232
740
536
311
414
498
641
616
632
460
255
162
296
70
311
361
322
552
564
491
238
454
697
549
59
168
598
392
336
245
612
215
250
587
744
360
400
152
372
635
614
714
360
54
554
639
27
742
115
178
197
72
165
261
204
564
419
25
115
488
397
699
497
246
246
699
480
598
289
666
347
209
207
133
542
332
395
197
352
473
581
0
125
222
512
246
712
125
97
733
11
92
351
393
694
455
547
204
391
4.88264028147124
0.0267283910864387
146
1
1
1
1
1
1
1
1
0
1
1
1
1
1
1
1
1
1
1
1
1
1
1
1
1
1
1
1
1
1
1
1
1
1
1
1
1
1
1
1
1
1
1
1
1
1
1
1
1
1
1
1
1
1
1
1
1
1
1
1
1
1
1
1
1
1
1
1
1
1
1
1
1
1
1
1
1
1
1
1
1
1
1
1
1
1
1
1
1
1
1
1
1
1
1
0
1
1
1
1
1
1
1
1
1
1
1
1
1
1
1
1
0
1
1
1
1
1
1
1
1
1
1
1
1
1
1
1
1
1
1
1
1
1
1
1
1
1
1
1
1
1
1
1
1
1
