591
184
549
516
242
497
362
170
475
425
439
91
86
290
145
553
516
483
101
189
403
402
244
476
166
501
428
26
351
414
334
447
479
125
261
254
565
64
350
142
568
305
489
162
534
503
173
343
547
303
571
57
241
374
132
81
264
558
329
121
564
105
319
227
27
208
58
374
75
243
242
286
207
155
297
127
245
28
346
56
93
125
462
167
205
231
18
152
311
231
236
159
128
506
231
216
355
579
449
24
229
186
477
272
198
43
430
193
152
528
312
205
512
591
514
74
516
192
310
43
125
347
459
257
399
409
40
130
27
163
505
214
501
465
505
184
346
87
547
416
384
454
580
453
238
164
458
469
332
585
127
40
489
328
190
442
380
42
4
78
352
350
410
187
296
165
481
521
367
252
507
439
42
275
299
109
266
366
165
131
274
109
543
140
9
420
8.51568726645446
0.149444822969829
184
1
1
1
1
1
1
1
1
1
1
1
1
1
0
1
1
0
1
1
1
1
0
1
1
1
1
1
1
1
1
1
1
1
1
1
1
1
1
1
1
1
1
1
1
1
1
1
1
1
1
1
0
1
1
1
0
1
0
1
1
1
1
1
1
0
1
1
1
1
0
0
1
1
1
1
0
1
1
1
1
1
1
1
1
1
1
1
1
1
1
1
0
1
1
1
0
1
1
0
1
1
1
1
1
1
1
1
1
1
1
1
1
1
1
1
1
1
1
1
1
1
1
1
1
1
1
1
1
1
1
1
1
1
1
1
1
0
1
1
1
0
1
1
1
1
1
1
0
0
1
1
1
1
0
1
1
1
1
1
1
1
1
1
1
1
0
1
1
1
1
1
1
1
1
1
0
1
1
1
1
0
1
0
1
