359
114
281
215
65
244
260
305
107
249
235
222
246
270
259
337
182
132
155
98
327
231
208
37
142
4
356
319
130
351
232
198
87
260
55
131
300
91
16
58
115
39
22
245
286
128
201
83
349
3
223
44
125
264
158
35
94
337
36
208
114
268
289
323
78
142
129
233
268
313
357
14
92
356
6
332
128
54
3
133
341
312
75
85
128
314
90
331
166
172
71
328
290
74
309
309
154
149
2
185
326
168
105
32
300
41
288
158
61
168
42
172
155
303
83
166
1.92570637145229
0.0375286422892414
114
1
1
1
1
1
1
1
1
1
1
1
1
1
1
1
1
1
1
1
1
1
1
1
1
1
1
1
1
1
1
1
1
1
1
1
1
1
1
1
1
1
1
1
1
1
1
1
1
1
1
1
1
1
1
1
1
1
1
1
1
1
1
1
1
1
1
1
1
1
1
1
1
1
1
1
1
1
0
1
1
1
1
1
1
1
1
1
1
1
1
1
1
1
1
0
1
1
1
1
1
1
1
1
1
1
1
1
1
1
1
1
1
1
1
