113
176
55
43
57
3
112
45
64
35
20
44
105
17
70
96
43
59
26
89
76
72
19
5
32
77
81
107
111
52
66
94
13
60
54
44
46
68
105
67
59
22
106
7
88
106
106
16
93
62
113
55
78
53
37
29
109
26
56
99
97
34
78
12
70
76
5
36
51
78
76
111
3
70
21
0
99
80
74
46
84
98
75
60
37
92
102
81
16
15
55
61
68
107
102
91
90
84
47
15
84
29
46
13
4
88
2
56
73
109
59
55
24
72
23
21
4
40
102
37
96
69
17
110
80
110
109
52
104
72
67
105
34
50
42
58
16
113
76
98
12
9
9
15
98
34
0
33
92
36
99
110
85
73
106
9
100
65
31
89
26
58
16
103
29
75
36
88
10
38
1
105
102
55
87
22
41
17
3.17586839055113
0.274850351756226
176
0
0
0
1
1
1
1
1
0
0
0
0
1
0
1
1
1
1
0
1
1
0
1
1
1
1
0
1
1
1
1
1
0
1
1
1
1
1
0
1
1
0
1
1
1
1
0
1
1
1
1
1
1
0
1
1
1
1
0
1
1
1
1
1
0
1
1
1
1
1
0
1
1
1
1
1
1
1
0
1
1
1
1
0
0
1
1
1
1
1
1
1
1
1
1
1
1
0
1
0
1
1
1
1
1
1
1
1
1
1
0
1
1
1
1
1
1
1
0
1
1
1
1
1
1
1
0
1
1
0
1
1
1
1
1
1
1
0
0
1
0
1
1
1
1
1
1
1
0
1
0
1
1
0
1
1
1
1
1
1
0
1
1
1
1
1
1
1
1
1
1
1
0
0
1
0
