914
178
824
732
485
836
864
367
805
539
487
125
80
310
122
487
812
806
674
198
858
524
156
820
679
676
102
810
774
48
148
44
396
5
818
100
719
780
343
649
469
188
95
443
620
803
144
726
623
448
454
187
235
388
862
639
205
310
724
760
694
877
300
913
595
54
223
622
370
278
104
644
823
554
792
292
71
545
778
630
869
170
908
695
222
305
0
365
305
184
755
689
123
536
125
432
28
464
742
832
11
429
601
526
360
228
486
881
444
403
175
744
510
404
826
210
66
836
283
859
699
506
421
239
585
855
17
696
68
103
529
636
782
609
34
690
648
285
228
110
140
820
237
436
179
65
692
174
327
439
371
344
297
374
183
536
236
416
351
110
379
479
330
460
740
282
890
550
709
318
197
227
454
508
140
647
673
214
448
365
8.44266021105355
0.086655455493121
178
1
1
1
1
0
1
1
1
1
1
1
1
1
1
1
1
1
1
1
1
1
1
1
1
1
1
1
1
1
1
1
1
1
1
1
1
0
1
1
1
1
1
1
1
1
1
1
1
1
1
1
1
1
1
1
1
1
0
1
1
1
1
1
1
1
1
1
1
1
1
1
1
1
1
1
1
1
1
1
1
1
1
1
1
1
0
1
0
1
1
1
1
1
1
1
1
1
1
1
1
1
1
1
1
1
1
1
1
1
1
1
1
1
1
1
1
1
1
1
1
1
1
1
1
1
1
1
1
1
1
1
1
1
1
1
0
1
0
1
1
1
1
1
1
1
1
1
1
0
1
1
1
1
1
1
1
1
1
1
0
1
1
1
1
1
1
1
1
1
1
1
1
1
1
1
1
1
1
