646
130
458
576
466
115
88
103
1
380
314
512
270
429
141
378
607
467
88
604
158
345
634
271
234
318
45
85
534
477
395
88
0
446
234
111
167
611
31
419
372
370
395
67
446
342
108
375
92
68
204
582
393
363
515
318
55
502
74
416
507
494
467
488
590
268
571
12
193
167
255
30
59
69
212
373
646
29
567
499
331
448
522
135
53
168
81
336
368
382
381
288
507
381
299
148
460
9
146
408
462
361
179
232
341
520
503
465
257
446
423
444
574
194
345
155
211
530
454
219
404
261
26
77
628
141
500
521
337
3
216
47
1.65934400413915
0.172818060132361
130
1
1
0
1
1
1
1
0
1
1
1
0
1
0
0
1
1
0
1
1
1
1
1
0
1
1
0
1
1
1
1
1
0
1
1
1
1
1
1
0
1
1
1
1
0
1
1
1
1
1
1
1
1
1
1
1
0
1
1
1
1
1
1
1
1
1
0
1
0
1
1
1
1
1
0
1
0
0
0
1
0
1
1
1
1
1
1
1
1
1
1
1
1
1
1
1
0
1
0
1
1
1
1
1
1
1
1
1
1
1
1
0
1
1
1
1
1
1
1
1
1
1
1
1
1
1
1
1
1
1
