937
186
674
572
882
896
536
762
931
102
504
869
930
293
637
658
564
219
813
693
839
887
77
482
93
654
811
669
847
597
572
283
347
552
878
895
406
132
922
254
17
265
358
6
628
506
930
175
597
214
442
472
685
508
162
494
160
901
249
200
643
332
229
705
768
339
504
268
840
544
276
928
379
482
287
691
314
104
784
818
216
50
873
273
618
213
409
624
126
51
631
535
214
491
619
763
46
512
4
221
288
538
645
875
786
923
352
377
704
866
634
139
750
661
837
776
589
545
353
214
546
545
584
0
90
57
828
640
188
79
432
215
414
92
194
417
202
202
700
278
572
803
121
905
424
112
937
106
387
572
46
793
119
703
150
411
745
234
150
10
658
102
201
453
231
874
280
508
246
195
693
8
549
728
267
557
350
568
108
771
527
32
192
341
512
558
754
163
8.73032923431138
0.229765981815665
186
1
0
1
1
1
1
1
1
1
1
1
1
1
1
0
1
0
1
0
1
1
1
0
0
1
1
0
1
1
0
1
1
1
1
1
1
0
0
1
1
1
0
1
1
0
1
1
1
1
1
1
1
0
1
1
1
1
1
1
1
0
1
1
1
1
1
0
1
1
1
1
1
1
1
1
1
0
1
1
1
1
1
1
1
0
1
0
1
0
1
1
1
1
1
0
1
1
1
1
1
1
0
1
1
1
1
1
1
1
1
1
1
0
1
1
1
0
1
1
1
0
1
0
1
1
1
0
1
1
1
1
1
1
1
1
1
1
1
0
0
0
1
0
0
1
1
1
0
1
1
1
0
0
1
1
1
1
0
1
1
1
1
1
1
1
0
1
1
1
0
1
1
1
1
0
0
0
0
1
1
0
1
1
1
0
0
