527
128
131
160
364
99
267
518
350
517
440
294
193
88
180
220
76
377
103
238
427
330
523
112
397
197
292
4
80
244
491
256
414
518
395
101
411
66
432
353
175
345
496
434
166
52
179
184
228
425
318
357
235
302
450
263
117
210
222
391
35
8
131
457
506
387
138
171
189
134
257
486
233
140
82
221
272
382
371
473
195
13
185
44
387
506
228
115
120
46
139
497
139
419
478
482
402
425
296
524
173
257
251
223
243
284
302
487
525
182
10
115
206
251
403
184
339
359
221
219
118
431
486
338
424
143
429
284
177
386
8.83231620515898
0.0960251829358607
128
1
1
1
0
0
1
1
1
1
1
1
0
1
1
1
1
1
1
0
1
1
1
1
1
1
1
1
1
1
1
1
0
1
1
1
0
1
1
1
1
1
1
1
1
1
0
1
1
1
1
1
0
1
1
1
1
0
1
1
1
1
1
1
1
1
1
1
1
1
1
1
1
1
1
1
1
1
1
1
1
1
1
1
1
1
1
1
1
1
1
1
1
1
1
1
1
1
1
1
1
1
1
1
1
1
1
1
1
1
1
1
1
1
1
1
1
1
1
1
1
1
1
1
1
0
0
1
1
