628
150
141
444
327
477
29
196
587
592
166
11
565
413
248
38
75
406
421
40
87
211
528
570
218
481
608
162
550
361
502
400
518
389
610
596
391
500
37
260
173
41
393
4
551
532
207
2
190
301
400
205
172
298
258
97
431
534
624
228
619
554
290
372
57
506
45
270
499
190
564
326
523
247
556
548
32
238
458
276
48
403
358
119
6
143
208
498
231
213
410
515
209
100
331
144
16
350
170
273
152
402
522
305
597
480
330
408
279
576
235
90
122
404
590
577
109
322
420
536
364
132
29
154
411
196
291
223
411
586
29
578
393
410
14
4
253
350
26
240
256
498
575
48
539
138
72
594
421
113
223
136
6.49687591923579
0.194137639764895
150
1
0
1
1
0
1
1
1
1
1
1
1
1
1
0
1
1
0
1
1
1
1
1
0
1
1
0
1
1
1
1
1
0
0
1
0
1
1
0
1
1
1
1
0
1
1
0
0
1
1
1
1
1
0
1
1
1
1
1
0
1
1
1
1
1
1
1
0
1
1
1
1
1
1
0
1
1
1
1
1
0
1
1
1
1
1
0
1
1
1
1
0
1
1
1
1
1
1
1
0
1
0
0
1
0
1
1
1
1
1
0
1
1
0
0
1
1
1
1
1
1
1
1
0
1
1
1
0
1
1
1
1
1
1
1
1
1
0
1
1
0
0
1
1
1
1
0
1
1
1
