427
100
160
296
92
11
178
426
33
424
316
405
91
99
156
215
427
325
392
369
189
164
85
55
109
283
257
235
245
161
162
298
380
185
264
292
119
124
7
418
250
418
182
265
282
340
198
206
341
193
158
361
66
356
397
140
173
163
329
248
7
339
80
267
332
220
98
19
392
347
47
312
291
27
179
162
96
183
298
26
333
136
237
296
198
316
380
230
297
30
234
329
295
382
315
153
150
265
398
99
357
387
6.62339346925192
0.181160293307357
100
0
1
1
1
1
1
0
1
1
1
1
1
1
1
1
1
1
0
1
1
1
1
1
1
0
0
0
0
0
1
1
1
1
1
1
1
1
1
1
1
1
0
1
1
0
1
1
0
1
1
0
1
1
1
0
1
1
1
1
1
1
1
1
1
1
1
1
0
1
1
1
0
1
1
1
1
1
1
1
1
1
1
0
1
1
1
1
1
1
1
1
1
1
1
1
1
1
1
1
0
