989
104
821
894
576
828
370
573
349
161
161
469
903
798
827
874
776
964
350
696
51
176
246
364
164
623
594
931
949
888
731
930
977
826
926
635
536
588
329
248
771
203
849
954
615
376
542
466
41
328
154
964
852
79
479
768
387
498
486
612
263
674
972
757
799
601
890
370
351
853
394
79
451
90
958
946
786
206
418
311
930
239
896
624
539
837
356
86
246
430
841
3
426
699
778
323
749
892
472
59
696
729
828
542
865
467
7.3355428392905
0.181161852517902
104
1
1
1
1
0
1
1
0
1
0
0
0
0
1
1
1
1
1
1
1
1
1
1
0
1
1
1
1
0
1
1
0
0
1
1
1
1
0
1
1
1
1
1
1
1
1
0
1
1
1
1
1
1
1
1
1
1
0
1
0
1
0
1
1
1
1
0
1
1
1
1
1
1
1
1
1
1
1
0
0
1
1
1
1
0
1
1
1
1
0
0
1
1
1
0
1
0
1
1
1
1
1
1
1
