219
176
171
19
44
101
195
208
75
43
12
140
32
12
130
177
192
59
87
43
65
40
128
3
47
98
25
199
106
125
206
114
84
27
163
130
61
131
21
212
49
99
1
33
9
119
77
5
85
190
169
135
2
97
15
203
172
48
29
33
83
157
130
93
98
153
43
28
120
100
195
118
165
218
65
35
20
76
0
103
12
218
178
64
132
24
11
166
118
61
69
83
39
137
168
48
135
16
58
128
196
26
203
193
167
87
200
205
213
175
91
162
44
150
179
153
189
219
155
22
182
63
174
56
1
154
108
79
68
62
89
66
99
29
105
68
145
196
121
42
9
153
111
74
85
18
190
104
17
11
209
1
202
105
86
158
71
164
113
5
165
94
58
96
124
216
1
11
131
91
204
217
4
170
34
200
48
63
8.64933868212215
0.350961354143553
176
1
1
1
1
1
1
0
0
1
0
0
0
1
0
0
0
0
0
1
1
1
1
0
0
1
1
1
1
1
1
0
1
1
1
0
1
1
1
1
1
0
0
0
1
1
1
1
0
1
1
1
1
0
1
1
1
0
1
0
1
0
0
1
1
1
1
0
1
0
1
1
0
1
1
1
0
1
1
1
0
1
1
1
0
0
1
0
1
1
1
0
0
1
1
1
1
1
0
0
1
1
1
1
1
0
0
1
0
1
1
0
0
1
1
0
1
1
1
0
1
1
0
1
0
0
1
0
1
1
0
1
0
1
1
1
1
1
1
1
1
1
1
0
1
1
1
1
1
1
0
1
0
1
1
1
0
0
1
0
1
1
0
0
1
0
1
1
0
1
1
0
1
1
1
1
1
