370
128
163
167
242
233
257
135
13
19
56
122
247
278
21
21
61
41
3
117
84
207
145
292
359
325
187
5
172
39
62
162
312
29
323
338
243
26
325
286
45
99
317
279
1
240
150
301
85
43
296
85
33
152
47
21
317
54
287
52
366
187
157
333
351
211
335
153
159
243
222
158
363
156
117
65
366
354
239
224
192
305
3
87
48
262
100
110
113
67
261
363
63
128
102
1
77
275
132
121
264
143
64
299
325
12
354
38
353
3
90
362
31
319
237
22
220
116
148
240
132
254
102
52
309
48
324
233
305
214
5.09010181851748
0.0930561821814792
128
1
1
1
1
1
1
1
1
1
1
0
1
1
1
1
1
1
1
1
1
0
1
1
1
1
1
0
1
1
1
1
1
1
1
1
1
1
1
0
1
1
1
1
1
1
1
1
1
1
1
1
1
1
1
1
1
1
1
1
1
1
1
1
0
1
1
1
1
1
1
1
1
1
1
1
1
1
1
1
1
1
1
1
1
1
1
1
1
1
1
1
0
1
1
1
1
1
1
0
1
1
1
1
1
1
1
1
1
1
1
1
1
1
1
1
1
1
1
1
1
1
1
1
1
1
1
1
1
