478
100
334
345
199
183
69
317
448
251
441
33
49
139
9
188
172
294
30
209
316
307
86
29
98
320
229
22
154
234
473
178
176
281
151
141
86
85
395
110
6
31
185
156
161
26
87
441
197
467
90
376
224
29
180
386
453
278
28
235
44
213
294
220
4
436
402
143
157
234
461
340
392
174
291
172
100
205
201
132
224
268
302
275
50
107
125
28
401
199
184
23
14
348
454
86
418
96
398
241
419
189
7.96888981486581
0.0683571199271375
100
1
1
0
1
1
1
1
1
1
1
1
1
0
1
1
1
1
1
1
1
1
1
1
1
1
1
1
1
1
1
1
1
0
1
1
1
1
1
1
1
1
0
1
1
0
0
1
1
1
1
0
1
1
1
1
1
1
1
1
1
1
1
1
1
1
1
0
1
1
1
1
1
1
1
1
1
1
1
1
1
1
1
1
1
1
1
1
1
1
1
1
1
1
1
1
1
1
1
1
1
