889
178
70
269
529
815
842
468
28
813
617
825
400
556
679
863
487
675
717
832
701
452
859
750
791
627
14
493
108
807
474
552
643
339
882
631
397
395
760
579
402
731
132
219
485
667
435
319
643
757
310
668
790
83
376
671
767
194
483
635
600
721
314
662
120
269
240
227
690
290
482
401
180
213
325
239
159
32
809
633
735
120
115
246
875
198
281
432
761
489
421
882
756
131
126
808
599
602
615
66
543
241
197
785
835
533
330
598
820
713
604
858
792
679
685
241
16
692
627
184
316
734
423
341
240
747
234
587
867
265
369
498
192
504
797
646
149
688
223
121
882
238
211
696
31
128
877
669
388
522
102
837
812
795
475
71
387
151
609
280
280
864
864
411
733
254
451
239
88
806
168
370
564
84
38
853
359
539
63
873
2.12542207645079
0.144358442519249
178
0
1
0
1
1
1
1
1
1
1
1
1
1
0
0
1
1
1
1
1
1
1
0
0
1
1
1
1
0
1
1
0
1
1
1
0
1
1
1
1
1
1
1
1
1
1
1
1
1
1
1
1
1
0
1
1
1
1
1
1
1
0
1
0
1
1
1
1
1
0
1
1
0
1
1
1
0
1
1
1
1
1
1
1
1
1
1
1
1
1
1
1
1
1
1
0
1
1
1
1
1
1
1
0
1
1
1
1
0
1
1
1
1
1
1
1
1
1
1
1
1
1
0
1
1
1
1
1
1
0
1
1
0
1
1
1
0
0
1
1
1
1
1
1
1
1
1
1
1
0
1
1
1
1
1
0
0
1
1
1
1
1
1
0
1
1
1
1
1
1
1
1
0
1
1
1
1
0
