819
150
588
122
676
391
575
277
233
511
809
753
142
114
317
555
2
454
401
211
563
619
68
183
416
339
468
258
59
294
153
642
580
237
452
220
685
125
240
554
558
564
514
140
80
111
409
693
652
769
109
754
655
254
773
591
283
597
588
418
773
153
288
273
817
433
562
654
626
420
517
437
289
229
487
132
53
398
446
147
582
317
703
813
545
5
197
638
86
367
579
374
595
718
775
531
517
157
482
220
225
656
70
545
692
792
382
577
554
497
424
24
725
642
204
693
713
375
66
32
809
755
498
334
669
272
543
87
228
757
716
11
527
160
749
637
575
370
768
733
97
276
495
546
653
385
568
251
632
349
576
476
9.13359365949102
0.244492407280035
150
0
0
1
0
1
1
0
1
1
1
1
1
0
0
1
0
1
1
1
1
1
1
1
0
1
1
1
1
1
0
1
1
1
0
1
1
1
1
1
1
1
1
1
1
1
0
1
1
1
1
1
0
0
1
1
0
1
1
1
1
1
1
1
0
1
1
1
1
0
1
0
1
1
1
0
1
0
0
1
1
1
0
1
0
1
1
1
1
1
1
1
1
1
1
1
0
1
1
1
1
1
1
1
1
1
1
1
1
1
0
0
1
1
0
0
1
1
0
1
1
1
1
1
0
1
1
0
1
0
1
1
1
1
1
1
1
1
1
1
1
1
1
1
0
1
1
0
1
1
1
