109
94
32
81
58
19
91
85
1
3
86
57
91
81
54
38
87
53
82
28
78
81
17
96
51
71
3
87
33
51
56
109
105
46
78
22
93
85
7
100
13
41
73
79
109
58
26
21
35
22
66
77
38
79
37
15
31
72
59
89
28
86
88
23
103
12
79
6
95
9
4
78
4
19
109
72
3
74
46
39
109
78
17
71
74
71
78
69
76
66
7
64
37
0
106
59
8.07739803503917
0.306136926420224
94
1
1
1
1
0
1
1
0
0
0
0
1
0
1
1
1
1
1
1
0
1
0
0
0
0
0
1
0
1
1
0
1
1
1
1
1
1
1
1
0
0
0
0
0
1
1
1
1
1
1
1
0
1
1
0
1
0
1
1
1
0
1
0
0
1
1
1
1
1
1
0
1
1
1
0
0
1
1
1
1
0
1
1
1
0
0
1
1
0
0
1
1
1
0
