253
88
117
106
142
105
181
185
26
115
30
79
138
140
95
39
126
248
44
188
37
125
43
34
234
80
197
35
87
212
107
152
239
61
228
37
132
108
14
131
66
155
78
126
195
152
23
200
109
175
211
133
135
239
92
51
19
79
36
19
178
17
238
243
5
148
138
136
49
228
190
178
235
231
19
119
232
228
96
193
51
46
25
67
144
220
197
151
47
42
6.79696189081336
0.237551160424911
88
1
1
1
1
1
1
1
1
0
1
1
0
1
1
1
1
0
1
1
1
1
1
1
1
1
0
0
1
1
1
1
1
1
1
0
0
1
1
1
0
1
1
1
1
1
1
1
0
1
1
1
1
1
1
0
1
1
1
1
1
1
1
1
1
0
1
1
1
1
1
1
1
1
1
1
1
1
0
1
1
1
1
1
0
1
1
0
0
