580
100
235
423
425
455
415
227
488
459
196
66
523
361
335
21
523
513
519
492
326
471
546
22
558
327
96
248
430
32
292
73
177
579
128
445
543
236
551
187
560
572
247
524
445
19
109
342
516
399
508
33
467
227
97
545
317
474
563
560
16
91
454
437
530
248
397
554
268
406
299
66
490
440
318
56
108
419
156
147
14
117
24
332
538
381
168
112
395
163
3
438
370
227
162
388
351
41
88
539
207
464
9.64493895430078
0.0639976524663698
100
1
1
1
1
1
1
1
1
1
1
1
1
1
1
0
1
1
1
1
1
1
1
1
1
1
1
1
1
1
1
1
1
1
1
1
1
1
1
1
1
1
1
1
1
1
1
1
1
1
1
1
0
1
0
1
1
1
1
1
1
1
0
1
1
1
1
1
1
1
1
1
1
1
1
1
1
1
1
0
1
1
1
1
1
1
1
1
1
1
1
1
1
1
1
1
1
1
1
0
1
