643
106
106
536
99
622
78
263
434
497
192
445
524
637
610
139
542
134
500
287
76
563
223
345
96
334
387
18
405
572
310
127
365
628
295
442
340
202
402
344
37
446
319
279
498
199
619
89
458
228
543
329
340
131
178
400
253
133
194
358
169
172
268
108
14
483
605
485
84
202
138
491
553
504
583
562
173
386
552
178
138
493
179
290
85
331
206
392
109
127
401
499
289
232
621
271
14
463
519
89
532
498
328
436
483
45
592
335
1.02862430411979
0.284826356294032
106
1
0
1
1
1
1
0
1
0
1
1
1
1
1
1
1
1
0
1
1
1
1
0
1
1
0
1
1
0
1
1
0
1
0
1
1
1
1
1
1
0
1
0
0
1
1
1
0
1
1
1
0
1
1
1
1
1
1
1
1
1
1
1
1
1
1
1
1
1
0
1
1
1
1
0
1
0
1
0
1
1
1
0
1
1
0
0
1
0
0
1
1
1
1
1
1
1
1
0
1
0
1
1
1
1
1
