345
200
119
27
147
224
150
56
211
4
58
248
90
68
292
276
145
219
134
345
310
156
138
202
137
169
1
294
284
296
184
183
228
154
18
15
141
120
96
288
95
61
301
62
171
315
5
193
86
28
158
146
331
313
159
311
29
87
341
170
328
242
45
289
222
113
334
212
278
115
106
110
130
22
344
4
187
7
248
185
2
306
221
142
8
86
136
263
109
212
34
24
200
162
176
236
291
321
197
338
204
48
275
260
87
307
100
33
51
287
71
78
94
288
263
56
69
69
13
296
283
134
60
336
3
60
136
146
131
126
259
21
334
333
239
92
181
52
219
59
92
244
306
246
278
89
226
293
19
228
82
90
190
44
107
252
170
282
264
44
337
60
16
124
290
55
250
199
231
261
69
213
236
259
275
114
113
210
219
262
86
312
207
150
56
143
76
336
301
307
263
224
36
328
252
11
255
308
98
310
47
190
1.61756054677584
0.110356113498542
200
1
1
1
0
1
0
1
1
1
1
1
1
1
1
1
1
1
0
1
1
0
1
1
1
1
1
1
1
1
1
1
1
1
1
1
0
0
1
1
1
1
1
1
1
1
1
1
1
0
1
1
1
1
1
1
1
1
1
1
1
1
1
1
1
1
1
0
1
1
1
1
1
1
1
0
1
1
0
1
1
1
1
1
1
1
1
0
1
0
0
1
1
1
1
1
0
1
1
1
1
1
1
1
1
1
1
1
0
1
1
1
1
1
1
1
1
0
1
1
1
0
1
1
1
1
1
1
1
1
1
1
1
1
1
1
1
1
0
1
1
1
1
1
1
1
1
1
1
1
1
1
1
1
1
1
1
0
1
0
1
1
0
1
1
1
1
1
1
0
1
1
1
1
1
1
1
1
1
0
1
1
1
1
1
0
0
1
1
1
1
1
1
1
1
1
1
1
1
1
1
