331
152
250
218
297
142
185
293
203
109
139
20
251
211
233
157
318
240
183
282
17
146
57
58
44
275
330
87
86
90
250
141
16
173
86
86
81
324
144
42
185
180
165
217
89
29
96
306
30
143
282
321
217
140
125
34
52
187
12
130
183
69
322
50
189
316
129
239
228
100
12
279
49
274
312
35
162
183
331
327
18
97
296
319
65
45
197
323
71
261
319
61
146
173
202
314
244
133
182
294
69
111
137
8
106
33
32
191
290
251
263
294
174
26
3
238
319
294
237
174
286
140
237
188
53
324
77
244
105
227
267
205
142
139
26
45
150
154
106
263
79
45
55
128
54
90
77
142
37
146
323
13
65
141
2.16180717372831
0.0149880754701143
152
1
1
1
1
1
1
1
1
1
1
0
1
1
1
1
1
1
1
1
1
1
1
1
1
1
1
1
1
1
1
1
1
1
1
1
1
1
1
1
1
1
1
1
1
1
1
1
1
1
1
1
1
1
1
1
1
1
1
1
1
1
1
1
1
1
1
1
1
1
1
1
1
1
1
1
1
1
1
0
1
1
1
1
1
1
1
1
1
1
1
1
1
1
1
1
1
1
1
1
1
1
1
1
1
1
1
1
1
1
1
0
1
1
1
1
1
1
1
1
1
0
1
1
1
1
1
1
0
1
1
1
1
1
1
1
1
1
1
1
1
1
1
1
1
1
1
1
1
1
1
1
1
