536
116
32
232
302
211
445
523
337
180
533
514
82
45
356
325
476
406
157
213
24
327
309
87
78
28
221
450
351
230
267
405
528
84
341
532
40
449
235
240
439
518
501
218
274
519
19
501
69
33
457
505
335
163
167
470
445
291
211
349
36
280
346
310
249
497
518
159
193
44
313
389
71
242
190
146
206
159
94
136
498
187
420
112
342
416
128
169
133
389
457
414
347
227
67
218
314
514
508
1
352
247
158
470
467
496
385
184
485
312
443
91
289
44
364
118
270
403
5.55197453154917
0.161188373830087
116
0
1
1
1
1
1
1
0
0
0
1
0
1
0
1
1
1
1
1
1
1
1
1
1
1
1
1
1
1
1
1
0
1
1
1
1
1
1
0
1
1
1
1
1
1
1
1
0
1
1
0
0
1
1
0
1
1
1
1
1
1
1
1
1
1
0
1
1
1
0
1
0
1
1
1
1
1
1
1
0
1
0
1
1
0
0
0
1
1
1
1
1
1
1
1
1
1
0
1
1
1
1
0
1
1
1
1
1
1
1
1
1
1
1
0
1
