588
152
449
222
420
147
434
73
329
239
93
341
38
108
290
518
266
44
294
280
318
555
266
2
559
229
287
340
20
29
56
217
36
412
425
266
131
87
40
11
289
95
178
58
416
123
296
130
98
210
408
572
239
234
539
283
192
533
264
153
194
441
529
363
214
286
137
13
523
206
232
156
248
394
498
360
246
569
467
439
381
91
452
132
475
564
304
96
412
420
236
571
288
54
448
457
314
462
296
238
421
539
256
320
48
259
511
154
102
84
400
488
396
243
491
270
288
269
59
559
466
100
583
228
128
96
417
425
126
134
31
114
530
52
356
154
194
492
465
381
185
196
336
260
325
170
558
557
477
533
305
221
119
529
2.82826145947974
0.274454655099746
152
0
1
1
0
1
1
1
1
1
1
0
1
1
1
0
1
1
0
1
1
1
0
1
0
1
1
1
0
1
0
1
1
1
1
0
1
1
1
1
1
1
0
1
0
1
0
1
0
1
0
0
1
1
0
1
1
1
1
1
0
1
1
1
1
1
1
1
0
1
0
1
1
1
1
0
0
1
1
1
1
1
0
0
1
1
1
1
1
1
0
1
0
1
0
1
1
1
1
1
0
1
1
1
1
0
0
1
0
1
1
0
0
0
1
1
1
0
1
1
1
1
1
0
0
1
1
1
1
1
1
1
1
0
1
1
1
1
0
0
1
1
0
1
1
1
1
1
0
0
0
1
1
