809
136
536
135
520
734
463
38
544
421
279
769
44
695
672
792
50
204
374
514
126
274
433
762
208
197
223
540
774
369
743
660
188
507
420
51
762
802
444
729
545
184
346
455
527
218
450
413
235
494
526
419
399
577
236
106
789
511
731
335
452
175
617
274
8
608
36
283
191
119
755
369
410
462
640
780
82
545
16
289
583
319
618
20
455
567
74
560
332
23
709
31
128
490
60
194
232
220
474
92
82
73
330
473
543
761
755
166
474
63
392
151
716
326
791
408
558
286
652
179
712
752
662
482
486
546
307
119
532
641
200
713
266
281
437
417
369
699
3.87167774253921
0.104625145565269
136
0
1
1
0
1
1
1
1
1
1
1
1
1
1
0
1
0
1
1
1
1
1
1
1
1
1
1
1
1
0
1
1
1
1
0
1
1
1
1
1
1
1
1
1
1
1
1
1
1
0
1
1
1
1
1
1
1
1
1
1
1
1
1
1
1
1
1
1
1
0
1
0
1
1
1
1
0
1
1
0
1
1
1
1
1
1
1
0
1
1
1
1
1
1
1
1
1
1
1
1
1
1
1
1
1
1
1
1
1
1
1
1
1
1
1
1
1
1
0
0
1
1
0
1
1
1
1
1
1
1
1
1
1
1
1
1
