907
98
72
877
436
475
543
116
85
208
7
661
681
807
15
783
259
22
421
213
648
772
327
3
111
417
684
252
494
19
326
853
771
96
614
333
480
500
267
62
693
779
305
226
627
435
790
336
393
379
14
461
895
149
100
271
544
731
465
28
392
704
524
488
896
735
87
357
422
429
105
192
777
730
806
492
793
865
607
192
851
431
229
672
496
726
601
648
710
832
163
899
744
45
489
482
355
779
824
303
9.12154002304811
0.151623077042305
98
0
1
1
1
1
1
0
1
1
1
1
1
1
1
1
1
0
1
1
1
1
1
1
1
1
1
0
1
1
1
1
0
1
1
0
1
1
0
0
1
1
0
0
1
1
1
1
1
1
1
1
1
1
1
1
1
1
1
1
1
0
1
0
1
1
1
0
1
1
1
0
1
1
1
1
1
1
1
0
1
0
0
1
1
1
1
1
1
1
1
1
1
1
1
1
1
0
1
