678
128
443
505
342
57
573
250
307
301
531
401
535
470
459
404
643
678
173
423
642
475
590
444
466
544
546
606
307
169
281
351
667
263
222
158
232
305
212
484
563
664
273
503
171
254
36
588
118
455
104
229
278
96
468
470
332
544
348
72
471
539
81
403
660
55
425
608
161
111
3
50
59
351
168
567
122
442
251
347
276
328
273
297
216
317
321
420
180
95
270
599
592
362
60
71
149
100
529
461
323
143
355
27
429
328
608
344
677
265
511
207
392
406
475
409
163
424
236
12
154
5
447
644
356
292
163
30
366
641
6.29726565151452
0.191440457571566
128
0
0
0
1
0
1
1
1
1
1
1
0
1
1
1
0
1
1
1
1
1
1
1
1
1
1
1
1
0
1
1
0
0
1
1
1
1
1
1
0
1
1
1
0
1
1
1
1
1
1
1
0
1
1
0
1
1
0
1
1
1
1
0
1
1
1
1
1
1
1
0
0
1
1
1
1
1
1
1
1
0
1
1
1
0
1
0
1
1
1
0
1
1
1
1
1
0
1
0
1
1
1
1
0
0
1
1
0
1
1
1
1
0
1
1
0
0
1
1
1
1
1
1
1
1
1
1
1
