935
106
267
33
500
650
511
283
329
153
378
515
838
760
229
164
917
351
535
557
459
475
640
820
455
492
299
816
80
224
934
699
617
216
888
97
880
254
263
644
788
893
107
449
785
523
258
192
876
775
502
436
108
714
85
89
470
879
920
39
625
870
913
882
82
702
277
684
51
887
513
541
415
823
380
201
798
162
620
184
486
111
492
286
276
23
638
32
51
240
844
333
534
36
529
589
723
95
21
806
513
682
817
353
466
494
200
13
9.71077660806196
0.00144386076619463
106
1
1
1
1
1
1
0
1
1
1
1
1
1
1
1
1
1
1
1
1
1
1
1
1
1
1
1
1
1
1
1
1
1
1
1
1
1
1
1
1
1
1
1
1
1
1
1
1
1
1
1
1
1
1
1
1
1
1
1
1
1
1
1
1
1
1
1
1
1
1
1
1
1
1
1
1
1
1
1
1
1
1
1
1
1
1
1
1
1
1
1
1
1
1
1
1
1
1
1
1
1
1
1
1
1
1
