780
140
193
197
174
342
280
373
388
151
686
30
605
76
223
512
119
127
181
181
488
215
664
724
513
100
578
338
195
619
606
508
692
65
168
121
360
315
612
31
273
693
39
288
184
194
158
106
35
90
692
173
16
70
111
300
437
604
443
505
601
322
441
123
366
74
714
694
310
199
632
368
309
54
485
332
351
384
175
235
747
737
569
429
417
569
367
328
407
733
567
190
400
440
490
59
378
340
204
388
342
590
636
69
139
386
367
692
683
523
662
778
354
197
588
200
385
205
254
338
406
449
218
393
754
300
707
739
53
486
518
349
229
303
426
182
775
773
712
687
605
22
8.90866081194362
0.332704092587616
140
1
1
1
1
1
1
0
0
1
1
1
1
1
0
1
0
1
1
1
0
1
1
0
1
1
1
1
1
1
0
1
1
1
1
1
0
1
1
1
0
1
0
1
0
0
1
1
0
1
0
0
1
1
1
0
0
1
0
1
0
0
1
1
1
1
1
1
1
1
1
0
0
0
0
1
0
0
1
1
0
1
1
1
1
1
1
0
0
1
1
1
1
0
0
1
1
1
0
1
1
1
1
0
1
1
1
0
1
0
1
1
1
1
0
1
0
1
1
1
0
0
1
1
0
1
0
1
0
1
1
1
0
1
1
1
1
0
1
1
1
