939
138
477
772
529
887
678
788
807
865
451
391
472
819
614
217
520
523
725
857
630
135
350
684
164
761
211
845
697
67
469
691
831
226
836
410
387
792
931
137
487
29
562
250
874
838
522
479
679
555
505
319
58
127
824
795
5
861
637
240
473
182
641
785
457
592
761
781
526
220
573
867
614
45
411
930
527
349
654
872
475
850
895
696
939
909
213
161
304
276
685
852
400
33
297
329
247
147
167
625
215
743
526
675
698
353
925
106
833
271
33
630
817
653
129
825
586
460
42
605
720
602
460
21
348
679
619
384
471
321
674
47
595
128
501
652
681
929
729
83
3.96556853189036
0.0211857577391434
138
1
1
1
1
1
1
1
1
1
1
1
1
1
1
1
1
1
1
1
1
1
1
1
1
1
1
1
1
1
1
1
1
1
1
1
1
1
1
0
1
1
1
1
1
1
1
1
1
1
1
1
1
1
1
1
1
1
1
1
1
1
1
1
1
1
1
1
1
1
1
1
1
1
1
1
1
1
1
0
1
1
1
1
1
1
1
1
1
0
1
1
1
1
1
1
1
1
1
1
1
1
1
1
1
1
1
1
1
1
1
1
1
1
1
1
1
1
1
1
1
1
1
0
1
1
1
1
1
1
1
1
1
1
1
1
1
1
1
