276
134
85
97
16
170
65
238
199
146
160
242
68
63
219
44
102
97
12
218
79
74
29
106
233
138
22
268
165
71
21
101
92
40
85
140
73
118
247
110
96
9
226
183
78
184
198
30
243
253
5
25
186
240
253
233
159
85
265
84
269
89
59
221
113
213
141
194
71
247
228
93
145
176
68
214
0
121
106
97
218
12
187
82
97
87
49
13
265
48
44
6
194
238
51
262
95
30
213
245
193
126
217
54
175
147
124
3
258
43
40
224
231
66
140
55
137
204
89
99
92
89
136
92
136
240
272
260
7
199
124
189
110
79
235
161
8.02283016687068
0.0822098878058223
134
1
1
1
1
1
1
1
1
1
1
1
1
1
1
1
1
1
1
1
1
1
1
1
1
1
1
1
1
1
1
1
1
1
1
1
0
1
1
1
1
1
0
1
1
1
1
1
1
1
1
1
1
1
1
1
1
1
1
1
1
1
1
1
1
1
1
0
1
1
1
1
1
0
1
1
1
1
1
1
0
1
1
1
1
1
1
1
1
1
1
0
1
0
1
1
1
1
1
1
1
1
1
1
1
0
0
1
1
1
1
1
1
1
1
1
1
1
1
1
1
1
1
1
1
1
1
1
1
1
1
1
1
1
1
