781
162
636
44
435
284
38
708
130
451
182
628
92
273
348
734
251
382
383
111
257
90
726
39
257
148
92
66
467
734
238
707
161
658
706
381
50
486
28
384
321
582
390
138
128
678
695
420
29
134
166
68
589
385
315
672
639
101
14
21
698
741
591
457
368
162
705
527
724
588
197
345
36
65
85
188
675
465
696
728
437
187
773
201
263
295
442
299
548
131
295
564
96
108
723
595
574
244
223
99
300
363
717
262
357
296
143
272
108
517
42
407
665
475
717
174
756
691
589
726
307
678
60
441
369
424
676
587
153
737
317
224
409
116
740
495
402
635
449
444
246
124
489
734
390
197
149
146
249
453
378
591
294
209
779
387
124
201
406
304
284
712
158
755
6.5805944040261
0.0132921917163716
162
1
1
1
1
1
1
1
1
1
1
1
1
1
1
1
1
1
1
1
1
1
1
1
1
1
1
1
1
1
1
1
1
1
1
1
1
1
1
1
1
1
1
1
1
1
1
1
1
1
1
1
1
1
1
1
1
1
1
1
1
1
1
1
1
1
1
1
1
1
1
1
1
1
1
1
1
1
1
1
1
1
1
1
1
1
1
1
1
1
1
1
1
1
1
1
1
1
1
1
1
1
0
1
1
1
1
1
1
1
1
1
1
1
1
1
1
1
1
1
1
1
1
1
1
1
1
1
1
1
1
1
1
1
1
1
1
1
1
1
1
1
1
1
1
1
1
1
1
1
1
1
1
1
1
1
1
1
1
1
1
1
1
