775
166
86
408
455
684
345
211
350
504
6
223
311
765
261
326
454
274
685
306
61
554
483
500
300
769
581
653
162
515
117
87
431
661
128
92
759
350
671
452
78
643
404
214
553
150
606
39
217
65
494
287
408
542
605
348
252
649
617
315
321
589
598
142
313
100
190
217
636
412
620
576
572
602
496
518
318
216
530
428
135
219
350
336
386
657
666
395
240
688
572
471
47
715
232
516
592
236
547
348
699
78
216
725
266
660
453
505
318
564
16
253
276
505
362
711
139
41
195
348
42
118
695
262
529
284
506
448
581
604
424
355
430
315
35
747
659
379
151
768
602
746
628
151
405
16
121
10
441
563
655
192
217
752
84
691
300
593
319
750
612
47
388
226
126
256
219
565
1.72428877949181
0.0622760308270643
166
1
1
1
0
1
1
0
1
1
0
1
1
1
1
1
1
1
1
1
1
0
1
1
1
1
1
1
1
1
1
1
1
1
0
1
1
1
1
1
1
1
1
1
1
1
1
1
1
1
1
1
1
1
1
1
1
1
1
1
1
1
1
1
1
1
1
0
1
0
1
1
1
1
1
1
1
1
1
1
1
1
1
1
1
1
1
1
1
1
1
0
1
1
1
1
1
1
1
1
1
1
1
1
1
1
1
1
1
1
1
1
1
1
1
0
1
1
1
1
1
1
1
1
1
1
1
1
1
1
1
1
1
1
1
1
1
1
1
1
0
1
1
1
1
0
1
1
1
1
1
1
1
1
1
1
1
1
1
1
0
1
1
0
1
1
1
