275
120
36
179
240
121
242
211
112
129
14
134
62
123
171
73
237
127
253
111
265
53
47
116
205
17
28
235
121
13
42
169
256
113
97
80
51
202
144
201
1
201
251
93
17
62
79
260
229
204
6
144
75
238
178
203
60
175
101
229
237
190
188
172
39
211
76
233
189
257
97
34
245
152
186
42
234
105
184
174
0
197
131
153
123
7
231
143
24
23
95
199
166
139
209
195
200
218
201
87
117
73
208
178
25
6
95
262
144
215
104
87
170
77
41
87
187
143
54
223
141
258
3.18937613042798
0.298783166481946
120
1
1
0
0
1
1
1
1
1
0
1
1
1
1
1
0
0
1
1
0
1
1
1
1
1
1
1
0
1
0
0
0
1
0
1
1
1
0
1
1
0
0
1
1
0
0
1
1
0
1
1
1
0
1
1
1
0
1
1
0
0
1
1
1
1
1
1
1
0
0
1
0
1
1
1
0
1
1
0
1
1
1
1
1
0
0
1
1
0
1
1
0
1
0
0
1
1
0
1
1
1
1
1
1
1
1
0
1
1
1
1
1
0
1
0
0
1
0
0
1
