435
196
87
45
40
128
110
407
241
175
394
361
22
119
98
286
283
110
369
142
325
89
369
201
369
427
330
64
306
309
349
268
133
50
161
190
255
336
369
356
275
303
427
410
337
253
390
202
398
433
42
337
184
121
287
25
235
164
214
381
68
140
90
121
122
23
260
96
286
240
322
85
381
63
157
390
19
85
92
270
10
217
313
141
176
61
386
114
286
300
365
41
271
250
189
81
63
119
339
308
328
279
357
67
373
333
228
298
77
303
53
370
430
325
416
422
360
266
181
264
94
123
261
402
219
83
288
238
83
82
208
415
11
159
124
272
270
125
376
11
171
47
14
134
26
394
178
160
434
411
62
61
224
367
23
108
155
325
274
412
238
394
61
435
191
309
257
301
358
313
111
33
275
376
244
212
111
370
430
425
162
250
89
96
249
126
331
262
20
22
88
100
15
266
423
280
226
358
3.93036565929788
0.398592891132561
196
0
0
1
0
0
0
0
0
1
1
0
1
1
1
1
1
0
0
1
1
1
0
0
1
1
1
1
1
1
1
0
0
1
1
1
0
0
1
1
0
1
1
1
1
0
1
1
0
0
0
0
1
0
1
1
0
0
1
1
1
1
1
1
1
0
0
1
0
1
0
1
0
0
1
0
1
1
0
1
0
1
1
0
1
1
0
1
1
1
1
1
1
1
0
1
0
0
0
1
1
0
1
0
1
1
1
0
0
0
1
0
1
1
1
1
0
1
1
0
1
1
1
0
0
0
0
1
1
1
0
0
1
1
0
0
1
0
1
0
0
1
1
1
0
0
1
1
0
0
0
0
1
1
1
0
1
1
1
0
0
1
1
0
1
0
1
1
1
1
0
1
1
0
0
1
1
1
0
1
0
1
1
0
0
1
0
0
1
1
1
1
0
0
0
1
0
