929
196
267
761
19
835
485
627
870
85
839
226
448
425
19
429
111
464
867
225
583
852
172
738
402
447
857
629
112
669
227
77
824
572
722
395
169
347
25
313
230
900
313
24
605
718
101
557
330
313
247
841
272
266
907
125
738
581
689
511
565
322
297
892
533
21
889
780
184
575
574
142
801
79
434
414
813
502
376
613
514
872
573
360
543
427
745
416
585
687
501
363
693
500
876
40
358
34
640
738
275
193
453
619
806
326
190
310
304
810
796
779
432
815
681
146
602
78
374
673
358
685
428
692
344
722
278
118
581
361
112
644
668
780
836
552
694
88
269
729
283
55
168
432
9
443
114
354
706
713
831
584
622
100
854
493
628
920
252
396
383
781
419
55
755
408
118
371
774
765
228
107
353
925
162
617
225
246
72
459
806
896
430
179
711
70
491
375
575
680
18
828
595
344
305
333
853
166
9.96719766188724
0.18547193757151
196
0
1
1
1
0
0
0
0
1
1
1
1
0
1
1
1
1
1
1
1
1
0
1
1
1
1
1
1
1
0
1
1
1
1
1
1
1
1
0
1
1
1
0
0
1
1
1
1
1
1
1
1
1
1
0
1
1
0
0
1
1
0
1
1
0
1
1
1
0
1
1
0
1
0
0
1
1
1
0
1
1
1
0
1
1
1
1
0
1
0
0
1
0
0
1
0
1
1
1
0
1
1
1
1
1
1
0
1
1
1
1
1
1
1
1
1
1
1
1
1
1
1
1
1
1
1
1
1
0
0
1
0
1
0
1
1
1
1
1
0
1
1
1
1
1
1
1
0
1
1
1
1
1
0
0
1
1
1
1
1
0
0
1
1
1
1
0
1
1
0
0
1
1
1
0
1
1
1
1
1
0
1
1
1
1
1
1
0
1
1
1
0
1
1
1
1
