172
136
91
109
93
138
101
143
92
143
85
102
46
54
62
80
39
4
57
115
126
119
28
68
60
81
72
71
122
38
14
9
104
103
39
39
138
101
12
167
111
29
150
141
88
51
76
144
21
111
118
67
69
7
114
83
93
86
52
2
57
129
36
28
52
138
44
114
2
131
42
83
130
87
159
51
62
101
18
131
82
43
28
72
165
96
141
81
6
163
75
29
103
164
26
39
13
146
160
50
128
105
136
84
120
38
18
148
153
7
94
6
163
98
99
122
148
35
169
110
29
133
90
162
130
55
146
4
59
151
49
16
45
66
34
59
2
157
2.09124491403592
0.1874408009479
136
1
1
1
1
1
1
1
1
1
0
1
1
1
0
1
1
1
0
1
1
1
1
1
0
1
1
1
1
1
0
1
1
1
1
0
1
1
1
0
1
1
1
1
1
1
1
0
0
1
1
1
0
1
1
1
1
1
1
1
1
1
1
1
1
1
1
1
1
1
1
1
1
1
1
1
1
1
1
1
1
1
0
1
1
1
0
1
1
1
1
0
1
0
1
0
1
1
0
1
1
1
1
0
1
0
1
1
1
0
1
1
1
1
1
1
0
1
1
1
1
1
1
1
1
1
1
1
0
1
0
1
1
1
1
1
1
