471
90
78
208
23
393
182
410
41
38
50
279
462
152
432
177
323
350
102
429
93
238
69
29
218
455
96
279
290
13
62
198
27
181
377
416
451
271
128
393
140
9
22
417
351
181
160
307
329
128
289
163
261
119
355
79
432
148
403
445
241
165
211
346
230
459
216
150
227
285
191
179
46
96
155
131
329
222
67
28
152
147
224
263
228
285
12
55
99
361
320
322
3.96288683215334
0.276577159671851
90
0
0
0
0
0
0
1
0
0
1
1
1
1
1
1
0
1
1
1
1
1
1
1
1
1
0
1
1
0
1
0
1
1
1
0
1
1
1
1
1
1
1
1
1
0
1
1
1
0
0
1
0
0
1
1
1
1
1
0
0
1
1
0
1
1
1
1
1
1
1
0
0
1
0
0
1
0
0
1
1
1
0
0
1
1
0
0
1
1
1
