127
144
104
75
26
21
46
80
82
127
18
96
25
127
38
17
58
61
31
16
104
58
18
41
93
2
118
107
114
59
79
91
100
116
22
12
107
90
72
62
82
99
110
87
20
89
21
63
51
50
89
119
100
3
19
127
44
57
38
11
74
111
97
37
13
53
55
68
79
66
55
39
10
124
83
1
96
63
74
62
89
104
44
10
10
106
48
79
27
70
76
54
5
83
69
76
116
119
71
63
50
121
118
52
18
40
85
101
29
14
82
23
24
33
101
90
32
4
48
88
29
37
19
49
6
50
10
15
41
67
17
15
107
83
29
113
21
122
24
117
112
102
48
76
41
34
3.51742920898163
0.016806746640875
144
1
1
1
1
1
0
1
1
1
1
1
1
1
1
1
1
1
1
1
1
1
1
1
1
1
1
1
1
1
1
1
1
1
1
1
1
1
1
1
1
1
1
1
1
1
1
1
1
1
1
1
1
1
1
1
1
1
1
1
1
1
1
1
1
1
1
1
1
1
1
1
1
1
1
1
1
1
1
1
1
1
1
1
1
1
1
1
1
1
1
1
1
1
1
1
1
1
1
1
1
1
1
1
1
1
1
1
1
0
1
1
1
1
1
1
1
1
1
1
1
1
1
1
1
1
1
1
1
1
1
1
1
1
1
1
1
1
1
1
1
1
1
1
1
