666
94
448
88
166
399
569
287
468
424
175
350
232
609
155
413
641
289
532
546
407
23
495
157
212
77
135
646
553
330
414
624
89
370
477
223
328
568
81
546
384
321
642
335
591
597
468
313
622
210
50
268
54
172
130
326
518
355
6
279
43
461
195
254
45
616
304
650
87
81
241
300
619
294
480
120
647
592
531
383
592
425
582
254
450
83
388
321
77
43
283
73
629
548
310
350
8.82976061610558
0.29860281815041
94
1
0
1
1
0
0
0
1
1
1
1
0
1
1
1
1
1
1
0
1
0
1
1
1
1
0
1
0
1
1
1
0
1
0
1
1
1
1
0
1
1
1
1
1
1
0
1
1
0
1
1
1
1
0
0
1
1
0
1
1
0
0
1
0
1
0
1
0
1
0
0
0
1
1
1
1
1
1
1
1
1
1
1
0
0
0
1
1
1
0
1
1
1
1
