484
156
245
311
344
132
151
129
118
11
471
145
264
415
357
441
101
253
71
402
140
378
329
24
124
338
172
64
337
476
302
211
394
191
147
157
117
324
281
179
342
370
452
135
324
356
74
276
13
42
366
232
411
337
193
74
386
185
319
74
52
297
250
225
30
346
403
353
74
207
249
51
427
454
182
407
358
123
350
363
450
461
184
76
412
403
295
42
143
236
33
433
312
291
179
32
140
408
324
30
293
144
81
242
434
461
130
159
460
410
71
435
166
299
97
69
464
196
416
52
441
106
377
246
410
327
72
397
412
303
347
250
87
212
350
261
202
439
374
261
271
383
409
262
255
475
359
254
213
320
280
470
355
271
440
62
457
194
2.25524905253453
0.345247420226574
156
1
1
1
1
0
0
1
0
1
1
1
0
0
1
1
1
1
1
1
1
1
1
1
0
1
1
1
0
1
0
1
1
1
0
0
1
0
1
1
1
0
1
1
1
1
0
0
1
1
0
0
1
1
1
1
1
1
1
1
1
0
1
1
0
1
1
0
1
0
1
1
1
0
1
1
1
0
0
0
1
0
0
0
0
1
0
0
1
1
1
1
1
1
0
0
1
1
1
1
1
1
1
1
1
1
1
0
0
1
1
0
1
1
1
0
1
1
1
1
1
1
0
1
1
1
1
0
1
1
1
1
1
1
1
1
1
1
0
0
0
0
0
0
1
1
1
0
1
1
1
0
1
1
1
1
1
