971
192
256
859
456
668
212
311
450
276
415
84
965
126
791
484
93
431
749
469
745
321
228
205
855
923
116
285
18
321
598
611
631
643
97
633
787
382
464
158
754
841
762
382
403
815
486
797
909
225
937
95
680
353
354
470
517
246
540
493
76
670
338
543
558
209
523
329
753
630
882
265
938
964
159
961
800
477
390
466
233
128
638
514
823
116
247
945
927
39
948
888
358
477
507
110
946
109
588
661
334
500
47
799
809
272
941
592
648
180
602
684
569
782
828
321
802
742
433
118
879
913
223
218
744
604
495
819
126
841
324
553
856
510
226
747
107
69
849
291
607
833
906
939
963
71
840
719
159
740
128
666
849
234
541
1
33
866
244
770
601
88
898
575
434
927
756
657
295
807
13
313
146
122
836
382
152
556
941
91
181
417
648
184
599
913
698
209
679
852
33
818
853
212
4.81177881212194
0.198556732396441
192
0
1
1
1
1
1
1
1
1
1
1
1
1
1
1
0
1
1
1
1
1
1
0
0
1
1
0
1
1
1
1
1
1
1
1
0
1
1
1
1
1
1
1
1
1
1
1
1
1
1
1
1
1
1
0
1
1
1
0
1
1
1
1
1
1
1
1
1
1
0
1
1
1
1
1
1
1
1
1
1
0
1
1
0
1
1
1
1
1
1
1
1
1
1
1
0
1
1
1
1
1
1
1
1
1
1
0
1
0
1
1
1
1
1
1
1
1
1
1
1
1
1
0
1
1
1
1
1
1
1
1
0
1
1
1
1
1
1
1
0
1
1
1
1
1
0
1
1
1
1
1
1
0
1
1
1
1
1
0
1
1
1
1
1
1
1
1
1
1
1
1
1
0
1
1
1
0
1
0
1
0
1
1
1
1
1
1
0
1
1
1
0
