552
178
177
545
260
217
175
470
118
83
523
468
354
492
225
268
291
365
304
463
103
310
200
516
524
332
317
312
248
536
19
276
201
152
516
419
490
406
0
262
72
286
253
120
347
506
50
60
233
37
451
67
520
2
552
402
315
274
128
84
257
105
98
280
73
272
136
512
58
67
324
96
361
186
175
493
284
25
302
127
291
153
195
58
41
49
304
18
450
435
8
370
466
12
523
239
168
215
143
270
207
178
486
434
403
221
250
3
549
123
138
491
277
367
472
461
239
283
74
192
315
203
153
306
236
449
168
296
440
189
148
364
119
52
437
528
242
44
518
163
512
335
26
176
174
381
374
530
430
136
262
7
448
140
103
471
277
447
45
285
130
88
397
398
193
52
336
220
332
281
325
183
423
407
12
362
243
536
5
286
1.42002205179133
0.314460280208942
178
1
0
1
1
0
0
0
0
0
1
1
1
0
0
1
1
1
1
0
1
1
1
1
1
1
1
1
0
0
1
1
0
1
1
1
1
1
1
1
1
1
1
1
0
1
1
1
1
1
1
1
1
0
0
1
0
1
1
1
1
1
1
1
0
0
1
0
1
1
1
1
1
0
0
0
0
1
0
0
0
1
1
1
1
0
0
1
1
1
1
1
1
1
1
0
1
0
0
0
1
1
0
0
0
1
1
1
1
0
1
1
1
0
1
1
0
1
1
1
1
0
0
0
0
1
0
0
1
1
1
0
0
1
0
1
1
1
1
1
0
0
1
0
1
0
0
1
1
1
1
0
1
1
0
1
0
0
0
1
1
0
1
0
1
1
1
1
1
1
1
1
1
0
1
0
1
1
1
