845
140
125
339
139
414
757
589
489
449
532
686
197
137
741
710
368
406
243
458
281
388
48
633
264
775
749
278
149
311
48
831
614
181
822
830
155
495
654
509
707
5
593
438
665
822
826
838
810
727
97
469
176
80
484
704
670
520
468
731
304
419
62
796
52
515
643
751
206
466
278
726
119
680
142
569
801
616
775
27
458
149
222
164
351
697
711
79
787
653
236
479
257
456
625
375
229
57
92
250
576
487
613
105
778
673
51
312
251
514
210
215
420
72
225
554
246
390
565
253
371
117
376
650
839
270
735
382
268
111
193
172
145
699
536
474
424
370
538
108
720
316
8.61063134109562
0.295234725628763
140
0
0
1
0
0
0
1
1
1
1
1
0
1
1
1
1
1
1
1
1
0
1
0
1
1
1
1
0
0
1
0
1
0
0
0
1
1
1
1
1
1
1
1
1
1
1
0
1
0
0
0
1
1
0
1
1
0
0
1
1
1
1
0
1
1
1
0
1
1
0
1
1
1
1
1
1
1
1
1
1
1
1
1
1
1
1
1
1
1
1
1
1
1
1
0
1
1
1
0
1
1
1
1
0
1
1
1
1
1
0
1
1
1
1
1
1
1
0
0
0
0
1
1
1
0
0
0
1
0
1
1
1
1
1
1
1
1
1
1
1
