134
162
91
49
96
43
90
37
70
58
96
126
94
26
1
36
113
95
93
45
55
44
25
45
24
10
55
50
103
96
40
17
125
43
115
98
6
66
40
15
23
40
79
62
32
64
85
65
8
55
118
85
133
108
67
117
42
0
54
41
132
101
49
34
125
121
122
27
39
133
48
23
5
75
43
61
8
9
38
38
73
119
88
133
127
57
65
43
24
57
77
59
25
131
128
11
84
121
111
107
24
50
123
78
32
2
93
121
128
80
119
84
122
41
97
48
46
44
67
14
97
58
34
1
132
134
66
69
104
71
61
33
129
13
119
49
116
42
47
82
53
75
30
25
119
64
51
62
132
11
131
22
39
72
67
37
68
127
62
2
129
41
25
78
8.46421899561894
0.0822739827662042
162
1
0
1
1
1
1
1
1
1
1
0
1
1
1
1
1
1
1
1
1
1
1
1
1
1
1
1
1
1
1
1
1
1
1
1
1
1
1
1
1
1
1
1
1
1
1
1
0
1
1
1
1
1
1
1
1
1
1
1
1
1
1
1
0
1
1
1
1
1
1
1
1
1
1
1
1
1
1
1
1
0
1
1
1
1
0
1
1
1
1
0
1
1
1
0
1
1
1
1
1
1
1
1
1
1
1
1
1
0
1
1
1
1
1
1
1
1
1
1
1
1
1
1
1
1
1
1
1
1
0
0
1
1
1
1
1
1
1
1
1
1
1
1
1
1
1
1
1
1
1
1
1
1
1
1
1
1
1
1
1
1
1
