914
126
378
522
729
620
137
620
191
885
549
190
517
703
231
209
591
366
25
486
831
832
124
95
681
766
496
330
487
286
720
113
308
806
837
23
836
339
300
387
592
722
876
485
577
405
817
545
718
420
119
107
333
654
824
362
104
418
779
409
692
65
430
717
825
529
774
712
194
606
126
856
817
655
333
538
287
891
703
762
729
202
892
424
105
550
331
448
655
691
397
526
42
401
510
685
409
693
142
509
394
382
467
183
627
413
719
860
638
711
693
655
421
428
626
374
734
693
840
380
713
139
393
658
260
556
406
865
9.40721592281686
0.124831976407971
126
1
1
1
0
1
1
1
1
1
1
1
1
0
1
0
1
1
1
0
1
1
1
1
1
1
1
1
0
1
1
0
1
1
1
1
0
1
1
1
1
1
1
1
1
1
1
0
1
1
1
1
1
1
1
1
1
0
1
1
1
1
0
1
1
1
1
0
1
1
1
1
1
1
1
1
1
1
1
1
1
1
1
1
1
1
1
0
1
1
0
1
1
1
1
1
1
1
0
1
1
1
1
1
1
1
1
1
1
1
1
1
1
1
1
1
1
1
1
0
1
0
1
1
1
1
1
