799
102
83
86
495
673
755
45
505
553
168
39
32
300
711
342
377
514
79
728
423
799
197
451
749
707
776
621
30
738
47
213
716
669
162
441
441
391
248
777
492
362
690
568
586
749
211
251
583
640
143
241
138
731
6
213
663
705
468
452
520
73
482
302
184
733
276
572
650
24
39
783
727
242
619
784
189
447
26
56
563
336
778
373
285
518
402
397
6
680
196
563
770
428
319
106
228
727
19
120
259
719
105
206
5.30016859377637
0.280416321701867
102
1
1
0
1
0
1
1
0
0
1
1
0
1
0
1
1
0
1
1
1
0
1
0
0
1
0
0
1
1
0
0
1
1
0
0
1
1
0
1
1
0
1
1
1
1
1
0
1
0
1
0
1
1
1
1
0
1
1
1
1
1
0
1
1
1
1
1
0
1
1
0
1
1
0
1
0
0
1
1
1
1
1
0
1
0
1
1
1
1
1
1
1
0
1
1
1
1
1
1
1
1
1
