915
184
228
562
411
813
221
92
312
388
444
555
691
579
516
519
538
438
486
473
350
221
376
459
222
462
644
792
804
227
658
601
680
481
221
393
99
733
805
98
532
141
302
914
716
841
744
218
185
580
515
789
789
698
594
347
466
351
651
790
378
97
289
428
823
765
725
432
167
726
156
154
810
507
94
59
790
368
739
771
54
478
756
533
41
318
174
904
559
571
526
10
57
93
423
451
110
911
158
183
601
463
760
635
174
797
417
553
422
645
222
246
184
181
915
681
554
778
409
81
30
561
151
553
367
245
290
328
861
555
761
899
16
211
456
833
643
840
240
584
578
498
322
803
760
692
366
372
722
359
790
314
847
881
209
583
614
240
74
906
77
170
227
613
424
682
808
771
697
685
263
760
857
587
280
394
115
269
162
473
621
189
381
745
715
173
3.10677693657969
0.163317252108625
184
1
1
1
1
1
1
0
1
0
1
0
0
1
0
1
1
1
1
1
1
1
1
1
0
1
1
1
1
1
1
1
0
1
0
1
1
1
0
1
0
1
0
1
1
0
1
1
1
1
1
1
1
0
1
1
1
1
1
1
1
1
1
1
1
1
1
1
1
1
1
0
1
1
1
1
1
1
1
1
1
1
1
1
1
0
1
0
0
1
1
1
0
1
1
1
1
1
1
1
1
1
1
1
1
1
1
1
1
1
0
1
0
1
1
0
1
1
1
1
1
1
1
1
1
0
1
1
1
1
1
0
1
1
1
1
1
1
1
1
1
1
1
1
1
1
1
0
1
1
1
1
1
1
1
1
1
0
1
1
1
1
1
0
1
1
1
1
0
0
0
1
1
1
1
0
1
1
1
1
1
1
1
1
1
