403
140
224
72
208
372
29
134
317
203
55
62
283
115
300
271
346
352
383
53
133
195
394
273
152
352
162
10
253
338
394
25
142
356
50
356
261
18
337
244
128
55
270
227
287
83
359
368
20
65
103
235
338
114
241
194
375
81
257
387
277
23
400
121
289
349
400
261
213
238
308
139
324
273
318
114
168
72
161
32
384
111
156
13
338
87
132
321
98
93
85
117
250
354
105
279
26
22
323
96
396
197
332
65
96
187
244
247
369
267
125
167
277
139
274
10
231
394
208
127
292
126
6
21
220
119
182
88
319
99
393
168
218
57
147
1
144
15
312
387
343
29
3.60513892999665
0.307310410410696
140
0
1
0
0
1
0
1
1
1
1
1
1
0
0
0
1
0
1
1
1
1
1
1
1
1
1
1
1
1
1
1
1
1
0
1
0
1
0
1
1
1
1
1
0
0
1
1
0
1
1
1
0
0
1
1
0
1
0
0
0
1
1
0
0
0
0
1
0
1
1
0
1
0
0
0
1
1
1
1
1
1
1
0
1
0
1
0
1
1
1
1
0
0
1
1
1
1
0
1
1
1
1
1
1
1
1
1
1
1
1
0
0
0
1
0
0
0
1
1
1
1
1
0
1
1
0
0
1
0
0
1
1
0
1
1
1
1
1
0
1
