148
124
64
94
29
17
70
146
127
39
67
108
86
92
42
70
146
107
15
130
47
75
94
133
90
120
88
42
148
9
86
31
41
35
131
65
126
67
140
85
52
77
147
80
81
29
95
96
31
46
105
12
70
127
63
60
35
139
119
50
97
14
58
41
67
92
131
86
33
119
97
95
87
26
11
74
15
55
10
132
61
18
118
21
61
75
78
71
49
26
139
90
37
120
70
66
46
6
140
12
112
78
40
99
106
21
117
75
58
91
71
84
79
48
23
86
67
25
6
22
11
79
9
101
62
111
2.42494204612521
0.21014195079245
124
0
1
1
1
1
1
1
1
1
1
1
1
0
1
1
1
0
1
0
1
0
1
1
1
1
1
0
1
1
1
0
0
1
0
1
0
1
0
1
0
1
1
1
0
1
0
1
1
1
1
0
0
1
1
1
1
0
1
1
1
1
1
1
0
1
0
1
1
1
1
1
1
1
1
1
1
1
1
1
1
0
1
1
1
0
1
1
1
1
1
1
1
1
1
0
1
1
1
1
1
1
1
1
1
0
1
1
0
0
1
1
1
1
1
1
1
0
0
1
1
1
1
1
1
