897
138
493
532
373
497
391
448
101
393
760
96
620
785
574
61
300
773
163
106
790
481
629
197
484
411
73
17
805
592
22
62
613
572
565
813
869
787
793
719
134
504
530
353
733
141
347
118
648
116
766
58
367
699
221
768
177
852
707
83
813
137
316
846
811
466
360
614
793
161
24
339
757
776
515
555
816
50
585
829
585
153
467
843
5
132
103
586
602
208
767
771
695
49
760
101
652
165
868
713
865
457
2
145
59
326
57
223
742
715
272
198
758
587
349
458
259
74
137
350
842
866
639
155
265
46
326
763
612
364
26
818
683
173
675
483
33
81
806
244
6.47874729105613
0.389885202025305
138
1
1
1
1
0
1
1
1
1
0
0
1
0
1
1
0
0
1
0
1
1
0
1
1
0
1
0
1
1
1
1
0
1
0
0
1
1
1
1
1
1
0
1
0
1
0
1
1
0
0
0
1
0
0
1
1
1
1
1
1
0
0
1
0
1
0
0
0
0
0
0
1
1
1
1
1
0
0
1
1
0
1
0
1
1
1
0
1
0
0
1
1
0
1
1
0
0
1
1
1
1
1
1
1
0
1
1
0
1
1
1
1
1
0
1
1
1
0
1
0
1
0
1
0
1
1
0
1
1
1
1
0
1
0
1
1
0
1
