611
190
222
412
585
604
234
43
218
530
438
95
96
376
239
340
579
207
310
335
503
416
16
336
386
372
289
57
594
53
306
515
370
332
216
568
41
239
130
219
263
401
54
567
168
1
231
383
481
438
241
557
102
531
552
300
335
310
522
329
565
52
492
100
597
152
393
572
560
289
283
99
232
256
296
297
548
569
263
266
396
431
430
197
440
25
213
436
251
65
181
308
587
411
320
290
175
470
327
575
478
158
226
428
174
174
393
208
369
339
571
579
587
8
31
137
90
11
519
172
255
417
133
82
29
57
322
320
320
318
238
368
122
369
102
508
452
333
85
532
399
576
382
172
47
36
135
287
224
376
506
4
112
523
408
274
504
498
99
486
10
419
77
1
223
484
144
418
146
76
22
92
410
122
326
516
507
46
342
436
461
487
371
193
515
406
490
455
333
391
15
494
1.78848457237746
0.352226565164795
190
0
1
0
0
0
0
0
0
0
1
1
0
1
0
0
1
1
0
0
0
1
1
1
0
1
1
1
0
0
1
0
0
0
1
1
0
0
0
1
0
0
1
1
1
1
1
0
0
1
0
1
1
0
1
1
1
1
0
0
0
0
0
0
1
0
1
1
1
1
0
1
1
1
1
0
1
1
1
1
1
1
1
0
1
1
0
1
1
0
1
1
1
0
0
0
0
0
1
1
1
0
0
1
1
1
0
0
0
1
1
1
1
1
1
0
1
0
0
0
1
1
1
0
1
1
0
1
1
1
0
1
0
1
0
1
1
1
0
1
0
0
0
1
1
1
0
1
0
1
1
1
1
1
1
1
1
1
1
1
1
1
0
0
1
1
0
1
1
1
0
1
1
1
0
1
0
0
1
1
1
1
0
1
0
1
0
1
1
1
1
