127
168
32
1
11
99
43
127
125
61
94
109
13
76
92
59
72
98
79
127
98
25
7
110
92
114
11
60
75
20
61
94
58
30
118
59
99
53
0
88
40
84
4
67
75
118
114
23
123
13
56
106
33
11
60
69
17
38
122
45
31
42
90
91
29
5
40
94
50
51
78
36
108
29
47
125
120
68
59
110
92
94
27
114
22
49
67
47
21
77
52
36
71
4
22
35
50
8
50
105
15
111
4
83
0
71
80
24
6
31
111
49
113
21
51
127
68
110
77
106
56
115
102
6
21
121
112
91
27
121
99
95
64
11
47
122
80
127
30
2
89
18
33
118
55
16
48
92
51
103
9
6
89
56
104
120
46
94
112
104
55
94
47
103
12
46
14
31
29
62
0.523942852925686
0.373307242353123
168
1
1
1
1
1
0
1
1
0
1
1
1
0
0
0
0
1
1
1
1
1
1
0
1
1
0
1
1
0
0
0
1
1
1
0
1
0
1
1
1
1
1
1
1
0
0
1
1
1
0
1
0
0
1
1
0
0
1
1
1
1
0
0
1
1
1
1
1
1
1
0
0
0
1
1
0
1
0
1
1
1
1
1
1
1
1
1
1
0
1
1
1
0
0
1
1
0
0
1
1
0
1
1
1
1
1
1
1
0
1
1
0
0
1
1
1
0
0
1
1
1
1
0
1
1
1
1
0
1
0
0
0
1
1
1
0
0
1
1
0
0
0
0
1
1
0
1
0
0
1
0
1
1
0
0
1
0
0
1
1
1
1
0
1
1
1
1
1
