545
112
16
71
395
379
131
137
381
157
293
427
326
408
451
382
31
42
168
473
126
8
119
352
122
28
315
416
186
272
450
120
190
435
145
428
209
423
477
525
404
516
153
441
289
441
514
10
41
141
304
209
385
214
398
526
489
501
465
144
4
492
338
178
187
412
65
362
132
326
218
208
281
172
30
55
56
55
395
89
91
491
190
8
66
331
219
121
15
35
391
348
405
510
442
436
356
336
343
74
329
100
474
390
210
45
116
40
281
440
123
146
268
435
8.53145401093137
0.344124522727754
112
1
1
1
1
1
1
1
1
0
1
1
0
1
1
0
1
1
1
0
0
1
1
0
1
1
1
0
0
0
1
0
0
0
1
1
0
1
1
1
0
1
1
1
1
1
0
1
1
0
1
1
1
1
1
1
1
0
1
0
1
1
1
0
1
0
0
1
0
1
0
1
1
1
1
1
1
1
1
1
1
1
1
1
1
1
1
1
0
0
0
1
1
0
1
1
0
1
0
1
1
0
1
0
1
1
1
1
1
1
1
1
0
