528
82
359
163
372
487
54
196
100
357
488
448
31
244
299
265
369
61
82
491
152
341
267
299
35
38
224
444
79
38
118
340
282
121
507
193
186
466
121
37
45
361
394
180
156
35
315
133
122
203
36
511
286
506
207
62
138
102
394
292
137
323
140
101
252
235
511
22
421
367
250
478
196
444
340
225
217
47
358
210
115
211
408
247
9.9793313261908
0.109654258792292
82
1
0
1
1
0
1
0
1
1
0
1
1
1
1
1
1
1
1
1
1
1
1
1
1
1
1
1
1
1
1
1
1
1
0
1
1
1
1
1
1
1
1
1
1
1
1
0
0
1
1
1
1
1
0
1
1
1
1
1
1
1
1
1
1
1
1
1
1
1
1
1
1
1
1
0
1
1
1
1
1
1
1
