244
198
20
138
70
202
213
48
50
195
88
232
16
20
99
108
193
131
131
88
177
224
31
244
80
63
210
135
135
230
187
193
185
187
222
27
242
209
241
102
219
64
217
1
54
138
32
154
118
212
225
146
243
173
18
204
193
30
55
27
12
149
208
16
63
231
182
1
212
150
75
35
190
130
44
179
20
98
222
154
107
27
99
225
218
24
167
208
175
19
83
130
119
60
167
217
175
145
92
224
105
37
188
14
10
58
62
93
126
71
76
165
51
181
151
75
16
16
33
180
213
102
132
122
19
226
44
2
152
236
231
38
55
16
121
166
22
216
66
50
178
26
55
197
82
100
239
90
60
96
101
55
20
45
237
238
205
175
97
97
151
87
129
99
42
30
170
75
150
28
117
76
6
35
95
236
191
35
0
32
243
64
115
119
200
136
193
225
101
18
171
0
215
239
121
97
113
118
24
60
3.83684917191219
0.2803774812199
198
1
0
0
1
1
1
1
1
1
1
1
1
1
1
1
0
1
1
0
0
1
1
0
1
1
1
0
1
1
1
1
1
1
1
1
1
1
1
0
1
1
1
0
1
0
1
1
1
1
1
0
1
0
1
1
1
1
1
1
1
0
1
1
1
1
1
1
1
1
1
1
1
1
0
0
1
1
1
1
0
1
1
0
0
1
0
1
1
1
0
1
0
1
1
1
1
1
1
1
1
0
0
1
0
1
0
1
1
1
1
0
1
1
1
1
1
0
0
0
1
1
1
0
1
1
1
1
1
1
1
0
0
1
1
1
0
1
1
1
1
1
0
1
0
1
1
1
1
1
0
0
1
1
1
1
0
1
1
1
1
1
1
1
1
0
0
1
1
1
1
1
1
0
1
0
1
1
1
1
0
1
1
1
0
1
1
1
1
1
1
0
1
1
1
1
0
0
1
