439
92
14
382
233
10
302
380
76
263
234
363
423
289
151
201
265
314
393
364
304
237
16
196
49
249
110
416
336
154
26
328
198
279
26
137
322
62
136
271
72
408
241
134
405
344
355
329
61
232
370
399
216
147
277
80
361
321
296
425
88
377
235
203
430
28
122
148
418
404
323
438
417
126
308
143
329
74
244
142
151
337
401
342
421
250
253
73
107
1
340
377
235
193
3.2908230824771
0.265371803879518
92
1
1
1
1
1
1
1
0
1
1
1
1
0
1
0
0
1
1
1
0
1
0
1
0
1
1
1
1
1
0
1
1
1
1
1
1
1
1
1
0
1
0
1
1
1
1
1
1
0
1
1
1
0
0
0
1
1
1
0
0
1
1
1
1
1
1
0
1
1
0
0
1
1
0
0
1
1
1
0
1
0
0
1
1
1
1
1
1
1
0
1
0
