224
96
118
62
159
185
59
17
170
120
82
146
171
139
140
150
161
44
218
149
1
18
23
57
129
30
71
133
80
172
181
35
196
190
117
151
156
143
172
183
216
91
99
212
54
82
171
110
97
70
104
21
10
141
41
35
25
179
223
152
80
66
66
100
54
33
90
78
201
25
22
84
55
161
65
71
12
97
48
150
91
34
206
88
126
84
188
22
190
213
143
26
174
56
21
68
147
223
0.367180265723512
0.361278822390682
96
0
0
1
1
0
0
1
0
1
1
1
1
1
1
0
1
0
0
1
0
1
1
0
0
1
1
1
0
1
1
0
1
0
1
0
1
1
1
0
0
1
1
1
1
1
1
0
1
1
1
1
1
0
1
1
1
1
1
1
0
0
0
1
0
0
0
0
1
1
1
1
1
0
0
1
1
0
0
0
1
1
1
0
0
0
1
0
0
0
0
0
0
0
1
0
0
