500
142
308
203
108
487
133
231
89
432
294
456
244
210
134
242
330
215
46
290
39
102
440
477
56
281
150
45
97
265
281
309
89
404
161
342
451
41
126
299
232
297
360
381
145
450
459
146
37
297
229
496
459
410
285
94
434
371
468
143
386
402
429
199
154
213
214
300
413
166
147
228
2
149
121
324
493
98
248
88
459
57
437
396
225
232
78
138
30
491
88
26
212
11
398
216
83
399
54
164
90
114
205
387
265
46
245
291
66
88
490
458
258
444
424
167
375
399
112
152
490
292
216
236
327
398
478
139
84
120
31
497
141
47
86
341
453
184
128
193
141
426
227
236
9.66932727294788
0.324051372706727
142
1
0
1
1
1
0
1
1
1
1
0
1
1
1
1
1
0
1
1
0
0
1
1
1
1
0
1
0
0
1
1
0
0
1
1
0
0
1
1
1
1
1
0
0
1
1
0
0
1
1
1
0
0
1
1
1
1
1
1
0
0
1
1
1
1
1
0
0
0
1
1
1
0
0
1
1
1
1
1
0
1
0
1
0
0
1
1
1
1
0
1
1
1
1
1
1
1
0
1
0
0
1
0
0
0
1
1
1
1
1
1
1
1
1
0
0
0
0
1
1
1
0
1
0
1
0
1
1
0
1
0
0
0
0
1
0
1
1
1
1
0
0
