340
176
38
106
180
304
251
55
210
315
134
222
145
288
54
215
33
219
307
109
176
208
193
52
272
216
280
287
176
279
256
187
271
325
337
183
126
328
100
32
94
191
329
213
267
177
292
110
98
43
77
262
79
251
58
176
87
14
256
62
50
294
134
102
54
313
121
188
231
207
150
123
208
320
178
289
310
232
116
315
74
300
63
258
336
171
96
106
292
228
255
61
140
23
146
272
9
262
32
332
137
158
252
143
261
312
80
66
200
202
74
268
132
323
332
278
74
222
211
202
324
71
203
35
270
55
85
273
115
294
215
304
319
99
167
2
132
258
92
146
264
116
127
319
78
70
186
302
87
27
63
30
67
144
165
6
61
264
307
285
325
215
41
12
93
93
156
114
296
283
214
147
259
10
79
246
200
195
6.99151817653534
0.387516039534658
176
1
1
1
1
1
0
1
0
1
1
1
1
1
1
1
0
0
1
1
1
1
0
1
1
1
0
1
0
0
1
0
0
0
1
1
1
0
0
0
0
0
1
0
1
1
1
1
1
0
1
1
1
1
1
1
1
1
0
0
0
1
0
1
1
1
0
1
1
0
1
1
1
1
1
1
1
1
0
0
1
1
1
0
0
1
1
1
1
1
0
1
0
1
0
0
1
1
1
0
1
1
1
0
1
0
0
0
1
0
0
1
1
1
1
1
1
1
0
1
1
1
1
0
0
1
1
1
0
1
1
1
1
0
1
1
0
0
1
1
1
0
1
1
1
0
0
1
1
1
0
0
0
1
1
1
1
1
1
1
0
0
0
1
0
1
1
0
1
0
1
0
1
0
0
0
0
