160
120
110
2
107
154
77
53
136
78
49
85
153
96
146
31
145
52
12
118
74
126
68
91
117
28
5
136
10
105
26
17
68
66
61
145
96
32
92
9
99
114
45
12
95
108
144
71
65
46
96
91
123
62
67
86
95
84
12
130
30
25
59
121
16
80
84
79
54
59
116
32
43
30
52
122
155
152
16
52
31
134
69
148
29
120
148
143
48
58
55
99
60
48
52
157
13
39
43
156
90
39
123
145
39
148
140
56
44
135
59
5
59
130
73
139
117
58
60
19
118
78
9.63291617836243
0.248471759952049
120
1
1
1
1
1
1
1
0
1
1
1
1
0
1
1
1
1
1
1
0
1
1
1
1
1
1
1
0
0
1
0
0
1
0
0
1
1
0
0
0
1
1
0
1
0
1
1
1
0
0
0
1
1
1
1
1
0
1
1
1
0
1
1
1
1
0
1
0
0
0
1
1
1
1
1
0
1
1
1
0
1
1
1
1
0
1
0
0
0
1
1
1
1
1
1
1
0
1
1
1
1
1
1
0
1
1
1
1
1
1
0
0
1
1
1
1
1
1
1
1
