354
186
127
297
198
78
325
66
228
246
11
116
171
353
281
42
1
40
203
88
219
351
321
79
173
120
184
93
303
23
167
325
222
198
288
150
202
287
121
354
278
135
66
203
324
223
57
125
18
0
103
331
208
238
88
257
321
233
75
287
300
245
217
152
63
176
68
272
336
134
320
154
270
159
222
28
14
52
65
234
347
225
100
26
314
122
222
216
253
97
45
337
287
184
276
280
312
157
136
315
349
343
193
307
39
76
38
313
219
256
14
149
252
228
78
322
10
346
162
208
295
34
189
328
141
290
10
24
57
14
340
228
55
239
84
314
310
192
53
25
30
73
197
125
40
55
95
44
6
24
22
159
158
111
330
53
156
80
346
157
325
64
114
105
10
296
110
322
173
280
321
110
45
243
253
28
82
108
98
63
97
242
57
10
231
253
337
97
8.76442778735402
0.122212179031429
186
1
1
1
1
1
1
0
1
1
1
0
1
1
1
1
1
1
1
1
1
1
1
1
1
1
0
1
1
1
1
1
1
1
1
1
1
0
1
1
1
1
1
1
1
1
1
0
1
1
1
1
0
1
1
1
1
1
1
1
1
1
1
1
1
1
1
1
1
1
1
1
1
1
1
1
0
1
1
1
1
0
1
0
1
1
0
1
1
1
1
1
1
0
1
1
1
1
1
1
1
1
1
1
0
1
1
1
1
1
1
1
1
0
1
1
0
1
1
1
1
1
1
1
1
1
1
1
1
0
1
1
1
1
1
1
1
1
1
1
1
1
0
1
1
1
1
1
0
0
1
0
0
1
1
1
1
1
1
1
1
1
1
1
1
1
1
1
0
1
1
1
1
1
1
0
1
1
1
1
1
1
1
1
1
1
1
