667
86
213
393
632
512
573
133
256
656
656
307
660
151
150
374
184
548
489
361
0
481
267
510
311
118
136
131
341
563
107
216
50
285
212
458
410
79
214
636
166
56
354
141
41
261
289
564
442
518
180
660
157
497
72
25
351
79
285
445
459
329
236
511
403
351
115
334
390
662
252
596
460
606
159
253
550
336
197
372
477
55
459
270
531
289
127
113
6.98340930882979
0.308845674504515
86
1
1
1
1
1
1
1
0
1
1
1
0
0
1
1
1
1
1
1
1
1
0
1
1
1
1
0
1
0
1
1
1
1
1
0
1
0
1
1
1
1
0
1
1
1
1
1
1
1
0
1
0
1
1
1
1
1
1
1
1
1
1
1
1
1
0
1
1
1
0
0
1
1
1
1
0
1
1
1
1
1
0
1
1
0
0
