566
114
240
445
235
4
93
289
362
202
171
508
449
415
564
14
92
519
376
232
301
517
255
199
197
36
104
27
320
496
41
300
554
372
54
318
105
85
37
473
535
301
460
265
250
361
37
218
0
319
7
190
28
215
265
498
558
66
2
31
171
47
415
152
103
251
373
508
313
311
462
295
263
107
123
564
350
421
183
187
75
12
541
103
524
67
31
498
67
168
419
20
439
313
342
418
119
197
400
544
15
94
305
302
442
97
1
481
527
182
188
264
519
252
411
495
6.17952134701399
0.210335237745404
114
1
1
1
1
1
0
0
1
1
1
0
1
0
1
1
0
1
1
1
1
1
1
1
1
1
0
0
1
1
1
0
1
1
1
1
1
1
1
1
1
1
1
1
0
1
1
1
0
1
1
1
1
1
1
0
1
1
1
1
0
1
1
0
0
1
0
1
0
1
1
1
1
1
1
1
1
1
0
1
1
1
0
0
1
1
1
1
0
1
1
1
1
1
1
1
1
1
1
1
1
0
1
1
1
1
1
0
1
1
0
1
1
1
1
