648
90
98
232
95
461
228
108
176
429
376
57
428
81
269
443
203
199
391
350
449
55
134
347
11
42
161
36
545
272
349
147
390
2
171
97
232
624
616
560
174
161
465
485
10
397
358
382
363
401
157
105
348
535
219
460
516
551
576
638
64
490
107
132
25
263
92
471
38
112
464
501
449
133
228
137
245
562
7
171
220
488
521
301
622
356
197
425
561
609
352
413
1.41985272061531
0.328392777206361
90
1
0
1
1
1
0
1
0
1
1
1
1
1
1
1
1
1
0
1
1
0
1
0
1
1
1
0
1
1
1
0
0
0
0
1
0
1
1
1
1
0
0
1
1
1
1
1
0
1
1
1
1
1
0
0
0
1
1
0
1
1
1
1
0
1
1
0
1
1
1
1
0
1
1
1
0
1
0
1
1
0
1
1
1
0
1
0
1
1
1
