812
190
85
62
139
87
225
25
14
543
520
190
704
626
641
746
679
70
679
110
570
531
41
339
485
380
728
246
544
789
696
642
744
134
15
438
797
151
189
713
237
149
428
151
639
465
735
217
10
720
480
46
469
382
346
361
673
122
663
276
508
691
125
525
761
582
544
303
765
660
467
421
157
538
371
402
27
179
516
558
410
533
38
664
793
109
492
481
385
344
545
216
307
1
800
601
310
408
233
368
390
380
274
745
600
568
141
261
207
281
636
533
745
294
16
635
656
683
517
737
704
430
791
155
486
337
481
55
55
175
187
697
411
160
14
420
128
738
107
96
377
718
39
358
300
324
228
382
733
198
414
457
162
158
756
260
126
790
466
198
50
451
47
767
206
313
793
87
693
554
303
786
284
701
253
55
180
679
21
566
532
100
573
616
574
243
727
739
337
0
475
557
4.37040130629794
0.1094176268909
190
1
1
1
1
1
1
1
0
1
1
1
1
1
1
1
0
1
1
1
1
1
1
1
0
1
1
1
1
1
0
1
1
1
1
1
0
1
1
1
1
1
1
1
1
1
1
1
0
1
1
1
1
1
1
1
0
1
1
1
0
1
1
1
1
1
1
1
1
1
1
1
1
1
1
1
1
1
1
1
1
1
1
1
1
1
1
0
0
0
1
1
1
1
1
0
0
0
0
1
1
1
0
1
1
1
1
1
1
1
1
1
1
1
1
1
0
1
0
1
1
0
1
1
1
1
1
1
1
1
1
1
1
0
1
1
1
1
1
1
1
1
1
1
1
1
1
1
0
1
1
1
1
0
1
1
1
0
1
1
1
1
1
1
1
1
1
1
1
1
0
1
1
1
1
1
1
1
0
1
1
1
1
1
1
1
1
1
1
1
0
