236
94
226
89
96
35
63
68
71
164
35
17
176
157
39
105
148
179
119
53
217
122
205
152
209
101
68
30
188
163
90
208
50
27
93
170
217
234
224
79
41
19
76
154
41
104
29
109
149
165
47
107
235
166
78
61
143
66
22
109
97
190
213
208
216
89
30
188
77
143
93
112
197
182
171
131
7
228
154
78
201
191
111
53
75
40
141
200
128
115
140
213
175
223
88
203
6.40540729492383
0.282501583454964
94
0
1
1
1
0
0
1
1
0
1
1
0
1
1
1
1
1
0
1
0
1
1
1
1
0
0
0
1
1
1
1
0
1
0
1
1
1
0
1
0
1
1
1
0
1
0
0
1
0
1
0
0
1
0
1
1
1
1
0
1
1
0
1
1
0
1
1
1
1
1
1
1
0
1
0
1
0
1
1
1
1
1
1
1
1
1
0
0
1
1
1
1
0
1
