795
96
409
7
461
548
101
595
486
705
730
381
757
734
669
492
91
505
143
29
147
390
548
532
376
745
666
426
283
620
564
444
286
677
367
25
180
8
84
642
704
632
36
465
466
431
206
242
133
687
290
97
160
456
747
191
536
237
696
707
648
765
9
534
551
218
620
748
615
529
402
349
8
366
109
442
79
340
747
295
603
449
94
547
19
730
161
17
449
351
660
620
448
628
758
41
556
595
5.90049040450125
0.382980866051873
96
0
0
1
0
1
1
0
1
0
1
1
0
0
0
1
1
0
0
0
0
1
1
1
0
0
0
1
0
0
0
0
0
1
0
0
0
1
1
1
0
1
1
0
1
1
1
0
0
0
1
1
0
0
0
0
1
1
0
0
1
0
0
1
0
1
1
0
1
0
1
0
1
0
0
1
1
1
1
0
1
1
1
1
1
1
1
1
1
0
0
0
0
0
0
1
1
