255
98
240
30
21
197
53
89
135
255
83
150
188
139
28
5
58
133
117
150
54
187
170
204
154
105
29
59
207
41
6
164
49
235
161
99
47
130
122
129
232
223
237
41
14
60
16
4
230
82
175
63
27
242
44
75
130
230
175
84
64
88
217
179
144
234
1
12
210
2
120
184
217
131
141
134
215
142
48
245
175
30
214
181
186
210
163
153
202
222
109
23
83
163
205
218
120
166
83
6
1.46529789236015
0.0596295424412053
98
1
1
1
1
1
1
1
1
1
1
1
1
1
1
1
1
1
1
1
1
1
1
1
1
1
1
1
1
0
1
1
1
1
1
1
1
1
0
1
1
1
1
1
1
1
1
1
1
1
1
1
1
1
1
1
1
1
1
1
1
1
1
1
1
1
1
1
1
1
1
1
1
1
1
1
1
1
1
1
1
1
1
1
1
0
1
1
1
1
1
1
1
1
1
1
1
1
1
