173
154
20
70
100
120
53
59
68
3
19
142
55
78
143
10
63
168
6
159
145
55
75
48
5
98
71
153
22
125
92
83
74
49
143
32
15
135
130
97
56
24
171
90
19
17
136
86
136
104
123
80
22
99
112
7
100
115
42
116
47
55
129
93
151
7
105
47
111
120
27
96
117
12
41
53
129
165
19
29
54
23
20
109
66
14
8
149
106
72
55
73
114
142
10
129
173
173
131
103
128
143
10
135
125
135
134
29
12
70
165
125
37
108
171
37
122
60
38
82
105
75
149
48
20
32
132
160
170
48
41
109
102
113
66
46
81
139
34
125
30
71
171
27
12
62
137
50
75
173
135
154
82
160
114
0
4.18004942064968
0.0213496104830258
154
1
1
1
1
1
1
1
1
1
1
1
1
1
1
1
1
1
1
1
1
1
1
1
1
1
1
1
1
1
1
1
1
1
1
1
1
1
1
1
1
1
1
1
1
1
1
0
1
1
1
1
1
0
1
1
1
1
1
1
1
1
1
1
1
1
1
1
1
1
1
1
1
1
1
1
1
1
1
1
1
1
1
1
1
1
1
1
1
1
1
1
1
1
1
1
1
1
1
1
1
1
1
1
1
1
1
1
1
1
0
1
1
1
1
1
1
1
1
1
1
1
1
1
1
1
1
1
1
1
1
1
1
0
1
1
1
1
1
1
1
1
1
1
1
1
1
1
1
1
1
1
1
1
1
