391
158
318
235
348
172
2
136
159
179
259
166
219
80
148
106
245
77
175
327
218
256
119
270
148
374
56
348
278
62
280
315
211
70
33
346
309
77
224
126
304
272
126
298
189
244
46
234
123
43
142
200
345
313
135
367
3
356
55
4
346
383
289
53
313
378
63
156
248
54
385
290
318
315
30
87
268
143
111
379
364
49
32
274
62
53
332
181
302
304
374
204
9
93
134
150
81
229
100
47
20
324
76
279
212
93
343
285
116
99
338
46
243
106
316
354
2
343
270
154
269
21
6
195
158
208
97
45
203
338
87
370
17
23
337
25
182
123
184
313
93
44
321
230
47
236
373
204
98
71
202
317
349
125
338
244
19
376
355
151
6.60575329395974
0.121041180816639
158
0
1
1
1
1
1
1
1
1
1
1
1
1
1
1
1
1
1
1
1
1
1
1
0
1
1
1
1
1
1
1
0
1
1
1
1
1
1
1
1
0
1
1
0
1
1
0
1
1
1
1
1
1
1
1
1
1
1
0
1
1
1
1
1
1
1
1
1
1
1
1
0
1
1
1
1
0
1
1
0
0
1
1
1
1
1
1
1
0
1
1
1
1
0
1
0
0
1
1
1
1
1
1
1
1
1
1
0
1
1
1
1
1
1
1
0
0
1
0
1
1
1
1
1
1
1
1
1
1
0
0
1
1
1
1
1
0
1
1
1
1
1
1
1
1
1
1
1
1
1
1
1
1
1
1
1
1
1
