222
108
154
11
219
137
108
91
99
24
106
184
141
6
51
109
115
82
15
156
0
122
97
61
42
65
101
60
108
65
52
103
188
101
170
39
60
136
164
51
160
50
160
117
105
39
155
26
8
109
67
203
61
202
208
22
80
48
209
121
22
165
193
62
169
195
158
100
218
97
184
3
197
94
49
172
37
144
18
222
188
134
15
95
124
189
59
74
96
20
208
122
180
94
35
36
62
217
83
167
187
86
164
99
141
146
98
32
174
39
1.81119552325132
0.324525393790628
108
1
1
1
1
0
0
0
1
0
1
1
0
1
1
1
1
0
1
1
1
1
1
1
1
1
1
1
1
1
0
0
1
1
0
1
0
1
0
1
1
1
0
1
1
1
1
1
1
0
1
0
1
0
1
0
1
1
1
1
1
0
1
0
0
1
1
0
0
1
1
1
0
0
1
1
1
0
1
1
0
1
1
0
1
1
0
0
1
1
0
1
1
1
0
1
1
1
1
0
0
0
1
1
1
1
1
1
1
