651
166
85
616
305
144
304
226
551
87
437
427
582
78
192
526
293
335
578
566
487
499
219
35
99
603
571
140
239
634
493
277
212
409
581
69
242
509
443
163
526
392
446
68
253
448
157
648
168
59
598
261
120
468
375
33
587
290
324
154
252
333
136
92
530
1
179
137
56
137
172
259
548
318
371
9
271
151
590
69
19
3
389
146
466
524
548
95
424
463
255
160
646
382
399
640
632
106
604
366
420
93
618
201
496
367
205
583
621
16
479
161
273
494
455
182
623
159
560
586
449
455
373
645
379
472
334
52
539
580
633
172
378
372
365
352
631
220
176
637
483
204
490
391
375
509
48
82
280
500
573
78
378
635
48
481
96
91
644
266
522
297
575
408
588
648
506
503
1.73856060963674
0.234256667958301
166
1
0
1
0
0
0
1
1
1
1
1
1
1
0
1
1
1
1
0
0
1
0
1
1
1
1
1
1
0
1
1
1
1
1
1
0
1
1
1
1
1
1
1
0
1
1
1
1
1
1
1
0
1
1
1
0
1
1
1
1
1
0
1
1
1
1
1
1
1
1
0
1
1
0
1
1
0
1
1
1
1
0
1
1
1
1
1
1
1
1
0
0
1
1
0
0
0
1
1
1
1
1
0
1
1
0
0
0
0
1
0
1
1
1
1
1
1
1
1
0
1
1
1
0
0
1
0
1
1
1
0
1
1
1
1
1
1
1
1
1
0
1
1
1
0
1
0
1
1
1
1
1
1
1
0
0
1
0
1
1
1
1
1
1
1
1
