661
124
326
389
507
328
449
279
235
257
541
581
346
102
621
75
480
418
491
550
463
354
511
461
183
168
557
284
542
92
470
28
392
479
239
203
571
350
596
413
372
139
333
141
455
356
81
440
260
168
193
180
326
402
183
236
316
575
391
294
359
636
70
21
285
486
443
52
164
86
243
586
472
268
164
607
255
199
27
436
158
135
144
548
636
478
93
143
356
304
136
296
37
418
479
396
246
323
45
173
245
207
5
417
163
299
553
116
368
240
101
269
406
441
440
67
350
600
20
557
289
501
252
341
302
44
6.58611469171823
0.392873623573956
124
1
0
0
1
0
0
1
1
0
1
0
0
0
1
1
1
1
1
1
0
1
0
0
0
1
1
0
0
1
1
1
1
1
1
1
0
1
0
0
1
0
0
1
1
1
1
1
1
1
1
1
0
0
1
0
1
0
1
1
1
1
0
1
0
0
1
0
1
0
0
1
1
1
1
1
1
1
0
1
0
0
1
1
0
0
1
1
1
1
1
1
1
0
1
0
1
1
0
1
1
0
1
1
1
0
0
1
0
1
0
1
1
0
1
1
1
1
0
1
0
0
1
0
0
