800
126
143
796
144
41
376
448
367
517
748
466
514
375
507
281
337
290
313
446
329
185
453
68
289
494
221
788
797
294
101
603
570
603
635
700
473
2
650
96
775
600
139
203
403
293
556
236
186
581
381
160
702
636
84
558
551
738
14
260
612
723
487
633
663
125
268
193
134
84
408
230
293
179
713
751
227
29
711
244
88
68
762
675
107
598
720
306
747
42
721
563
249
128
443
278
182
543
646
753
391
459
123
420
718
327
410
29
582
242
413
634
774
594
123
244
198
488
289
765
541
150
713
374
514
329
112
74
9.51823929198199
0.144335653081289
126
1
1
1
0
1
1
1
1
1
1
1
0
1
1
1
1
1
1
1
1
0
1
1
1
1
1
1
1
1
1
1
1
1
1
0
1
1
0
1
1
1
1
1
1
1
1
0
1
1
1
0
1
1
1
1
1
0
1
0
1
1
0
0
1
1
1
1
1
1
1
1
1
1
1
1
1
0
1
1
1
0
1
1
0
1
0
0
1
1
1
1
0
1
0
1
1
1
0
1
1
1
1
1
0
1
1
1
1
1
1
1
1
1
1
1
1
0
1
1
1
1
1
1
1
0
1
