963
188
542
289
871
64
503
761
854
420
420
132
345
669
125
188
514
912
553
10
8
330
358
296
28
488
344
331
585
772
244
668
629
380
755
904
660
340
231
534
314
958
604
786
894
547
868
299
65
584
574
819
149
3
598
448
221
801
613
896
613
53
505
894
39
417
568
768
603
66
356
482
872
95
4
614
211
255
403
142
504
126
867
470
702
612
313
231
942
647
532
536
531
790
511
851
945
463
108
337
516
462
196
935
65
258
95
637
784
364
441
597
489
576
254
260
785
351
146
829
361
220
354
390
865
374
76
208
877
469
832
833
521
659
194
517
145
558
889
263
260
509
240
675
562
579
911
858
829
786
222
476
841
56
314
757
936
302
376
486
761
169
791
609
287
195
205
780
526
530
836
580
248
46
720
672
542
852
84
455
390
194
343
684
177
912
928
347
462
430
4.15182963337165
0.0719524148622557
188
1
0
1
1
1
1
1
1
1
1
1
1
1
1
1
1
1
1
1
1
1
1
1
1
1
0
1
1
1
1
1
1
0
1
1
1
0
1
1
1
1
1
1
1
1
1
1
1
1
1
1
1
1
1
1
1
1
1
1
1
1
1
1
1
0
1
1
1
1
1
1
1
1
1
1
1
1
1
0
1
1
1
1
1
1
1
1
1
1
1
1
1
1
1
1
1
1
0
1
1
0
0
1
1
1
1
1
1
0
1
1
1
1
1
1
1
0
1
1
1
1
1
1
1
1
0
1
1
1
1
1
1
1
1
1
1
0
1
1
1
1
1
1
0
1
1
1
1
1
1
1
1
1
1
1
1
1
1
1
1
1
1
0
1
1
1
1
1
1
1
1
1
1
1
1
1
1
0
1
1
0
1
1
1
1
1
0
1
