698
198
503
422
99
474
151
507
45
148
312
34
106
127
452
4
630
502
246
103
102
598
146
415
180
297
114
45
655
134
371
463
14
95
115
79
517
423
138
589
374
690
79
200
61
205
517
417
362
596
546
421
685
204
477
282
400
25
483
662
100
130
422
127
314
536
297
271
679
331
329
634
493
509
651
677
299
361
472
543
499
534
164
667
681
535
391
53
482
556
44
41
601
208
35
355
632
585
358
112
575
598
625
284
338
664
698
255
146
183
9
650
398
161
662
556
621
439
34
686
623
205
49
173
610
461
543
563
406
115
470
466
49
445
28
72
139
259
651
571
104
258
645
194
169
108
536
3
387
550
603
600
313
575
504
339
610
507
324
593
272
590
165
522
619
124
306
573
36
570
241
588
124
564
568
681
133
45
502
306
14
342
81
67
500
677
30
270
259
679
175
564
333
37
429
646
401
100
512
533
8.42864437873684
0.136435248975564
198
1
0
1
0
1
1
1
1
0
1
1
1
1
1
1
1
1
1
1
1
1
1
1
1
1
1
1
1
1
1
1
1
0
1
1
1
1
1
1
1
0
1
1
1
1
1
1
0
1
1
1
0
1
0
1
1
0
1
1
1
1
1
1
0
1
1
0
0
1
1
1
1
1
1
0
1
1
1
1
1
1
1
0
1
1
1
1
1
1
1
1
1
1
1
1
1
1
1
1
0
1
0
1
1
1
1
1
1
1
1
0
1
1
1
1
1
1
0
1
0
0
1
1
1
1
1
0
1
1
1
0
0
1
1
1
1
1
0
1
1
1
1
1
1
0
1
0
0
1
0
1
0
1
1
1
1
1
1
1
1
1
1
1
1
1
1
0
1
1
1
1
1
1
1
1
1
1
1
1
1
0
1
1
1
1
0
1
1
1
1
1
1
0
0
1
1
0
0
