969
138
765
126
907
326
870
775
593
522
905
226
841
856
24
441
929
738
90
769
247
754
931
880
814
409
183
423
421
174
337
109
578
0
64
236
316
167
528
447
297
124
783
210
498
309
957
885
363
306
413
336
530
72
48
602
724
923
823
103
433
125
282
130
154
857
404
843
10
716
45
341
1
891
369
534
435
293
16
581
207
631
840
597
734
546
423
148
756
84
93
623
333
75
638
877
127
505
193
874
922
196
97
118
569
750
813
212
891
6
916
299
887
893
801
632
127
860
426
117
764
946
570
377
349
108
678
565
811
239
498
724
790
769
359
642
620
315
310
143
5.67158740583731
0.399261418202744
138
1
1
0
1
0
0
0
1
1
0
0
0
0
0
0
1
1
1
1
1
1
0
0
1
1
1
0
0
0
1
1
0
1
1
1
0
0
1
0
0
0
1
1
0
1
0
0
1
1
0
0
1
0
0
1
1
1
1
0
0
1
0
1
1
1
1
1
1
1
1
0
1
0
1
1
1
1
1
0
0
0
1
1
0
0
1
1
1
1
0
1
1
1
1
0
1
1
0
1
1
1
1
1
1
1
1
1
1
0
1
0
1
1
0
1
0
1
1
0
1
0
1
1
1
1
0
1
0
1
1
0
1
1
1
0
1
1
1
