836
170
411
8
282
326
524
718
539
260
650
313
311
414
754
104
648
367
528
384
701
292
571
234
280
344
242
72
553
108
712
229
694
606
469
491
447
160
48
426
497
79
487
90
506
419
44
158
93
166
369
704
189
296
154
319
74
339
474
316
632
285
232
270
456
558
159
829
497
72
473
53
590
253
48
133
588
32
614
675
80
32
204
351
175
63
162
536
163
305
34
343
563
582
538
56
433
593
115
610
290
337
204
275
423
375
780
518
55
634
175
455
640
235
39
432
373
560
105
778
733
574
710
142
13
372
543
621
469
506
346
780
312
644
597
824
52
388
372
462
735
504
650
76
668
470
365
509
811
200
72
288
586
225
741
264
592
774
473
164
205
397
481
722
767
785
543
624
833
577
422
719
1.35280700401689
0.0902155157328133
170
1
1
1
1
1
1
1
1
1
1
1
1
1
1
1
1
1
0
1
1
1
1
1
1
1
1
1
1
1
1
1
1
1
0
1
0
1
1
1
1
1
1
1
1
1
1
1
1
1
1
1
1
1
1
1
1
1
1
1
1
1
1
1
1
1
1
1
1
1
1
0
0
0
1
1
1
1
1
1
1
1
0
1
1
1
1
1
1
1
1
1
1
1
1
1
1
1
0
1
1
1
1
1
0
1
1
1
1
1
1
0
1
1
1
1
1
0
1
1
1
1
1
1
1
1
1
1
0
1
1
1
1
1
1
1
1
1
1
1
1
1
1
1
1
1
1
1
0
1
1
0
1
1
1
1
1
1
0
0
1
1
1
0
1
1
1
1
1
1
1
