535
120
23
398
460
288
236
518
307
533
486
349
396
404
368
225
89
359
461
214
280
501
61
121
42
27
321
313
464
300
18
235
460
476
386
331
407
216
358
60
244
451
329
497
84
372
311
422
279
63
475
325
158
280
159
494
160
195
121
64
4
386
76
299
145
236
486
5
192
201
12
431
367
281
314
201
253
379
532
495
149
274
237
369
446
316
432
477
531
510
86
450
376
88
294
110
372
446
503
42
269
47
279
427
296
214
244
507
157
207
410
499
504
99
325
419
190
299
521
50
162
272
2.70101969747436
0.0470691906076043
120
1
1
1
1
1
1
1
1
1
1
1
1
1
1
1
1
1
1
1
1
1
1
1
1
1
1
1
1
1
1
1
1
1
1
1
1
1
1
1
1
1
1
1
1
1
1
1
0
1
1
1
1
1
1
1
1
1
1
1
1
1
1
1
1
1
1
1
1
1
1
1
1
1
1
1
1
1
1
1
1
1
1
1
1
1
1
1
1
1
1
1
1
1
1
1
1
1
1
1
1
1
1
1
1
1
0
1
1
1
1
1
1
1
1
1
1
1
1
1
1
