905
166
333
703
65
115
885
882
837
517
513
66
407
773
713
5
743
346
367
430
518
871
850
177
210
883
769
458
331
578
498
99
100
240
325
822
99
700
891
357
318
49
350
884
629
281
768
494
591
817
836
612
337
453
159
508
15
278
213
676
581
539
417
19
605
721
709
284
368
710
234
648
557
352
27
851
29
832
421
786
710
628
502
393
21
444
145
540
519
873
573
275
862
125
678
632
330
523
162
705
116
63
728
17
703
621
85
168
739
818
766
414
805
713
829
557
739
506
193
470
572
190
409
52
513
464
730
603
212
389
835
695
696
381
29
303
471
826
105
864
354
792
227
619
76
220
565
280
718
890
518
266
543
841
630
424
321
770
396
460
489
166
166
141
399
485
576
317
1.10634194154444
0.0719624424457826
166
1
1
1
1
1
1
1
1
1
1
1
1
1
1
1
1
1
0
1
1
1
1
1
1
0
1
1
0
1
1
0
1
1
1
1
1
1
0
1
1
1
1
1
1
1
1
1
1
1
1
1
1
1
1
0
1
1
1
1
1
1
1
1
1
1
1
1
1
1
1
1
1
1
1
0
1
1
1
1
1
1
1
1
1
1
1
1
1
1
1
1
0
1
0
1
1
1
1
1
1
1
1
0
1
1
1
1
1
1
1
1
0
1
0
1
1
1
1
1
0
1
1
1
1
1
1
0
1
1
1
1
1
1
1
0
1
1
1
1
1
1
1
1
1
1
1
1
1
1
1
1
1
1
1
1
0
1
1
1
1
1
1
1
1
1
1
