139
130
44
39
135
90
123
7
12
22
58
24
4
16
75
128
39
103
117
114
47
78
50
120
97
54
16
133
86
33
137
98
78
50
123
122
14
126
56
88
123
98
31
33
18
46
41
90
31
17
62
106
110
38
55
106
35
69
138
15
74
93
120
120
81
8
64
9
111
50
79
61
108
20
71
123
54
8
40
36
91
27
138
86
127
21
33
30
38
100
120
109
73
56
78
14
1
23
54
87
56
59
78
15
76
104
48
91
48
89
70
111
97
46
79
107
14
55
95
129
28
29
31
107
9
99
101
79
92
2
80
101
0.0718813096700088
0.0167635106129642
130
1
1
1
1
1
1
1
1
1
1
1
1
1
1
1
1
1
1
1
1
1
1
1
1
1
1
1
1
1
1
1
1
1
1
1
1
1
1
1
1
1
1
1
1
1
1
1
1
1
1
1
1
1
1
1
1
1
1
1
1
1
1
1
1
1
1
1
1
1
1
1
1
1
1
1
1
1
1
1
1
1
1
1
1
1
1
1
1
1
1
1
1
1
1
1
1
1
1
1
1
1
1
1
1
1
1
1
1
1
1
1
1
1
1
1
1
1
1
1
1
1
1
1
1
1
1
1
1
1
1
