981
182
565
962
797
925
383
768
627
452
44
320
116
539
473
848
653
245
832
14
685
133
118
341
782
377
534
457
882
66
112
369
357
112
641
536
311
59
821
687
660
286
175
666
118
600
621
645
974
629
468
749
56
733
612
710
304
85
28
194
609
417
586
517
78
245
761
411
950
229
76
646
201
480
700
25
764
69
610
889
973
80
978
797
671
377
647
736
151
278
822
410
99
263
430
317
663
876
79
952
721
179
933
903
792
533
700
365
673
58
880
865
697
137
694
267
812
796
669
821
225
203
193
287
528
485
811
288
52
220
114
227
282
57
585
641
663
544
671
535
640
929
463
955
849
153
188
898
641
769
938
921
590
600
135
103
373
723
502
781
684
578
974
498
736
805
672
560
482
627
269
698
959
644
942
899
780
685
392
239
337
856
188
140
7.06099648370798
0.132456196793654
182
1
1
1
1
1
1
1
0
1
1
1
0
1
1
1
1
1
0
1
1
1
1
1
1
1
1
1
1
1
1
1
1
1
1
1
1
1
1
1
1
0
1
1
0
1
1
1
0
1
1
1
1
1
1
1
1
1
1
1
1
0
1
1
1
1
1
1
0
1
1
0
1
0
1
0
1
0
1
1
1
0
1
1
1
1
1
0
1
0
1
1
1
1
0
1
1
1
1
1
1
1
1
1
1
1
1
1
1
1
1
1
1
1
1
1
1
1
0
1
1
1
1
1
1
1
1
1
1
1
1
1
1
1
1
1
0
1
1
1
1
1
1
1
1
1
1
1
0
1
1
1
1
1
1
1
0
1
0
1
0
0
1
1
1
1
1
1
1
1
1
1
1
0
1
1
1
0
1
0
0
1
1
