780
94
642
44
309
725
535
720
101
142
84
549
83
441
80
576
711
323
51
21
190
160
328
396
493
329
373
345
58
312
242
151
420
10
448
213
8
76
160
200
623
206
612
78
633
141
11
45
238
721
589
81
515
206
589
592
261
314
42
124
454
400
342
688
63
325
600
364
263
732
37
491
447
2
280
285
215
449
600
378
495
439
170
64
650
518
168
621
466
709
116
543
4
172
397
310
5.41641666314145
0.0366367340125049
94
1
1
1
1
1
1
1
1
1
0
1
1
1
1
1
1
1
1
1
1
1
1
1
1
1
1
1
1
1
1
1
1
1
1
0
1
1
1
1
1
1
1
1
1
1
1
1
1
1
1
1
1
1
1
1
1
1
1
1
1
1
1
1
1
1
1
1
1
1
1
0
1
1
1
0
1
1
1
1
1
1
1
1
1
1
1
1
1
1
1
1
1
1
1
