467
192
223
74
399
15
49
408
442
66
103
117
425
331
386
265
327
370
313
462
71
134
409
125
449
24
16
353
183
401
343
123
89
158
58
412
377
26
7
393
452
102
298
104
348
439
181
136
290
115
84
288
36
77
189
417
116
112
148
386
130
343
114
67
129
403
68
93
333
430
348
172
264
372
425
327
290
186
467
272
409
299
217
301
25
113
178
466
77
8
36
131
219
88
63
253
53
405
360
73
51
147
7
80
42
20
158
425
3
456
414
21
198
99
90
124
250
137
288
429
134
168
204
48
83
57
201
374
254
377
371
377
255
89
244
312
259
124
16
241
24
259
114
394
200
380
168
107
148
443
447
418
39
80
255
64
84
11
359
4
289
222
151
263
448
370
148
74
221
320
230
186
428
287
282
284
378
365
298
427
40
283
164
346
223
359
252
256
26
461
134
0
123
60
3.94660358601326
0.0477407418026971
192
1
1
1
1
1
1
1
1
1
1
1
1
1
1
1
1
0
1
1
1
1
0
1
1
1
1
1
1
1
1
1
1
1
1
1
1
1
1
1
1
1
1
0
1
1
1
1
1
1
1
1
1
1
1
1
1
0
1
1
1
1
1
1
1
1
1
1
1
1
1
1
1
0
1
1
1
1
1
1
1
1
1
1
1
1
1
1
1
1
1
1
1
1
1
1
1
1
1
1
1
1
1
1
1
1
1
1
1
1
1
1
1
1
1
1
1
1
1
1
1
1
1
1
1
1
1
1
1
1
1
1
1
1
1
1
1
1
1
1
1
1
1
1
1
1
1
1
1
1
1
1
1
1
1
1
1
1
1
1
1
1
1
1
1
1
1
1
1
1
1
1
1
1
1
1
1
1
1
1
1
1
1
1
1
1
1
1
1
1
1
1
1
