449
150
124
337
243
216
294
248
440
341
377
175
146
274
267
83
155
341
210
434
53
22
143
227
339
253
200
338
153
442
390
356
13
315
32
30
241
38
357
324
86
19
333
43
399
59
88
368
170
83
254
327
157
122
343
220
310
155
442
147
266
173
294
180
145
107
430
42
414
94
132
21
197
158
74
347
253
61
74
143
385
370
231
139
178
191
40
382
11
263
81
418
96
14
72
384
282
66
302
147
161
346
34
345
392
330
295
339
123
243
312
417
416
434
248
428
304
112
296
158
110
310
63
31
154
435
12
347
440
368
40
96
3
443
371
165
53
277
101
235
115
305
246
326
263
316
281
108
179
62
352
231
0.192264526967825
0.0710213588368847
150
1
1
1
1
1
1
1
1
1
1
1
1
1
1
1
1
1
1
1
0
1
1
1
1
1
1
1
1
1
1
1
1
1
1
0
1
1
0
1
1
1
1
1
1
1
1
1
0
0
0
1
0
1
1
1
0
1
1
1
1
1
0
1
1
1
1
0
1
1
0
1
1
1
1
1
1
1
1
1
1
1
0
1
1
1
1
1
1
0
1
1
1
1
1
1
1
1
1
1
1
0
1
1
1
1
1
1
1
1
1
1
1
1
1
1
1
1
1
1
1
1
0
1
1
1
0
1
1
1
1
1
1
1
1
1
1
0
1
1
1
1
1
1
1
0
1
1
1
1
1
