115
92
99
59
77
85
84
74
32
81
31
77
41
75
17
97
103
39
43
95
65
10
74
93
8
106
78
99
74
35
104
74
61
30
112
16
31
10
109
69
45
77
38
22
17
52
48
60
97
28
31
65
52
10
100
69
40
109
24
52
78
12
10
101
101
40
50
24
21
87
102
111
101
102
25
98
5
13
89
35
27
102
37
34
23
46
75
71
23
94
53
5
4
45
5.00953388335206
0.149655164877761
92
1
1
0
1
1
1
1
0
1
0
1
0
1
1
1
1
1
1
1
1
0
1
1
1
1
1
1
1
1
1
1
1
1
0
1
0
1
1
1
1
1
1
1
1
0
1
1
1
1
1
0
1
1
0
1
1
0
1
1
1
1
0
1
0
1
1
1
1
1
1
1
1
1
1
1
0
1
1
1
0
1
1
1
1
0
1
1
1
1
1
1
0
