587
190
349
130
375
341
105
494
61
195
279
142
381
150
297
91
310
244
351
23
3
210
116
446
160
422
222
78
489
64
565
201
56
584
510
297
131
477
538
27
584
476
73
459
418
144
395
433
460
111
423
22
195
586
483
109
554
216
143
501
291
273
146
283
497
30
196
456
155
50
294
344
76
181
332
499
251
52
420
281
408
371
437
161
308
585
13
540
533
458
211
33
42
552
529
102
270
580
519
150
118
564
162
467
514
522
508
325
400
540
414
0
79
42
341
350
420
147
68
215
54
398
234
578
420
79
197
20
244
204
24
88
201
453
1
192
79
263
264
303
315
10
70
184
79
413
492
341
237
408
5
126
256
541
157
361
232
93
218
365
95
525
135
233
161
120
472
56
531
585
285
397
470
219
253
452
126
76
123
513
282
111
358
301
323
331
502
509
47
440
373
163
2.89148718633812
0.298061428704288
190
0
1
1
0
0
1
0
0
0
1
1
1
1
1
1
0
1
0
1
0
0
0
1
1
0
1
1
1
0
0
1
1
0
0
1
1
1
0
1
0
1
1
0
1
0
1
1
1
1
1
1
1
1
1
1
1
1
1
0
1
0
1
1
1
1
1
1
1
0
1
0
1
1
1
0
0
1
0
1
1
0
1
0
1
1
1
1
1
1
0
1
1
1
1
1
1
0
0
0
1
0
1
1
1
0
1
0
1
1
1
1
1
1
1
1
1
1
1
1
1
0
1
0
1
0
0
0
0
1
1
1
1
1
1
1
1
0
0
1
1
1
1
0
1
1
0
1
0
1
1
1
0
1
1
1
1
1
1
1
0
1
1
1
1
1
1
1
0
1
1
1
0
0
1
0
1
1
1
1
0
1
0
1
0
1
0
1
1
0
1
