310
192
98
128
27
244
291
27
284
85
303
22
233
122
162
169
262
24
224
117
97
306
28
115
56
220
212
289
118
59
294
310
90
278
270
92
29
34
287
47
213
276
123
181
286
135
189
170
140
34
132
58
24
95
88
132
44
95
237
154
183
130
295
236
260
9
30
229
224
91
132
245
130
242
123
192
131
274
198
135
287
153
297
241
151
194
104
139
166
243
235
259
195
11
140
70
233
157
230
305
189
67
254
6
276
102
161
42
3
254
291
60
157
268
203
119
123
256
239
296
202
264
217
157
201
32
61
172
42
302
107
167
88
298
70
20
254
262
87
257
241
105
200
310
83
202
255
191
107
99
102
11
230
112
145
267
233
79
23
174
6
127
133
256
215
71
310
259
31
256
266
106
195
184
109
1
302
33
33
100
252
123
105
212
169
32
299
166
275
114
83
154
124
140
0.177035145608122
0.120804663144333
192
1
1
1
1
1
1
1
1
1
1
1
1
1
1
1
1
1
1
1
1
1
1
1
1
1
1
1
1
1
1
1
0
1
1
1
1
1
1
1
1
1
1
1
1
1
1
1
1
1
1
1
1
0
0
1
1
1
1
1
1
1
1
1
1
0
0
1
1
1
1
1
1
1
1
1
1
1
1
1
1
1
1
1
1
1
1
0
1
1
1
1
0
1
1
1
1
1
1
1
1
1
1
1
1
1
1
1
1
1
1
1
1
1
1
1
1
1
1
1
1
1
1
1
1
0
0
1
1
1
1
1
1
1
1
1
1
0
1
1
1
1
1
1
1
1
1
1
1
1
0
1
1
1
0
1
1
1
1
0
1
1
1
1
1
1
1
0
1
1
0
1
0
1
1
1
1
1
1
1
1
1
1
1
1
1
0
1
1
1
1
1
1
