268
168
81
210
259
85
113
205
240
155
169
112
156
256
268
168
107
69
73
215
64
149
104
5
176
4
177
98
131
140
25
20
239
181
245
126
107
247
96
82
176
223
182
263
261
86
49
133
136
180
41
30
232
3
101
179
252
239
262
98
59
150
259
132
228
156
156
30
195
92
44
235
120
215
224
195
248
144
44
68
195
84
183
148
206
2
69
206
112
164
243
114
79
38
206
144
237
58
184
149
233
105
200
68
65
85
155
264
177
45
147
90
137
82
119
44
114
90
252
147
8
257
166
67
130
39
185
261
195
238
131
141
185
29
223
160
89
176
105
250
30
23
141
258
151
192
179
199
25
113
115
32
243
215
127
23
101
131
47
37
107
222
254
22
34
146
3
17
155
245
3.02287379704549
0.256395662590973
168
1
1
1
1
0
0
1
1
0
1
1
1
1
1
1
1
1
0
0
1
0
0
1
1
0
0
1
1
1
0
0
1
0
1
0
1
1
1
0
1
1
1
1
1
0
0
1
0
0
1
1
1
1
1
0
1
0
1
0
1
0
1
1
0
1
0
1
1
0
1
0
1
0
0
0
1
0
0
1
1
1
1
1
0
0
1
1
1
0
1
1
0
1
1
1
1
1
1
1
1
1
1
0
1
1
1
1
1
1
1
1
1
1
0
1
0
1
0
1
1
0
0
0
1
1
1
0
1
1
1
1
1
1
0
1
1
1
0
1
0
1
0
1
1
1
1
1
1
1
1
0
1
0
1
0
0
1
1
1
1
1
1
0
1
1
0
1
1
