935
140
653
492
124
619
285
280
830
790
582
448
850
612
289
440
624
655
53
753
515
534
772
291
310
170
884
236
901
112
629
909
335
419
774
670
526
84
736
71
365
141
123
709
632
215
826
83
377
586
655
183
258
113
825
626
173
153
101
240
861
607
297
163
272
191
201
823
833
757
139
505
682
211
516
907
837
636
500
887
487
935
576
554
419
278
560
16
277
601
310
445
777
574
189
264
235
72
608
181
721
252
768
419
570
167
732
482
891
537
468
141
51
304
378
605
470
265
178
649
144
920
698
708
390
78
64
573
802
281
594
903
375
417
8
262
784
87
905
144
84
696
6.67830822550291
0.0939598983493153
140
1
1
1
1
1
1
0
1
0
1
1
1
1
1
1
1
0
1
0
0
1
1
1
1
1
1
0
1
1
1
0
1
1
1
1
1
1
1
1
1
1
1
1
1
1
1
0
0
1
1
1
1
1
1
1
1
1
1
1
1
1
1
1
1
1
1
1
1
1
1
0
1
1
1
1
1
1
1
1
1
1
1
1
1
1
1
1
1
1
1
0
1
1
1
1
0
1
1
1
1
1
1
1
1
1
1
1
1
1
1
1
1
1
1
1
0
1
1
1
1
1
1
1
0
1
1
1
1
1
1
1
1
1
1
1
1
0
1
1
1
