635
142
577
159
51
192
419
21
414
198
17
275
506
163
182
191
313
563
466
53
376
246
151
251
537
573
251
552
189
473
422
375
486
239
201
279
476
126
417
409
432
187
462
70
105
455
303
479
188
249
503
531
34
202
8
93
401
364
424
185
582
106
217
449
220
222
343
337
62
375
144
633
173
191
131
264
150
444
504
90
22
110
633
220
178
622
575
372
366
597
23
139
264
22
98
103
192
630
33
316
247
215
516
387
302
584
375
368
437
578
500
48
205
118
597
279
188
4
325
560
110
169
201
430
342
298
563
24
189
253
387
592
254
39
413
454
9
404
576
173
456
339
292
344
8.94074149940014
0.107323392139012
142
1
1
1
1
1
1
1
1
1
1
1
0
1
1
1
1
1
1
1
1
1
1
1
1
1
1
1
1
1
1
1
1
1
0
1
1
1
1
1
1
1
0
1
1
1
1
1
1
1
1
1
1
1
1
1
0
1
1
1
1
1
1
1
1
1
1
1
1
1
1
1
1
1
1
1
1
0
1
1
1
1
1
0
1
1
1
1
1
1
1
1
1
1
1
1
1
1
1
1
1
1
1
1
1
1
1
0
1
1
1
0
1
1
1
1
1
1
1
1
1
0
1
1
1
0
1
1
1
1
0
1
1
1
1
1
1
0
1
1
1
0
1
