222
166
157
13
7
52
88
47
121
2
173
188
82
69
42
81
121
67
9
101
121
58
139
17
208
54
126
47
144
22
203
182
54
118
214
73
0
36
6
65
183
65
182
52
211
218
81
115
163
76
51
28
215
57
58
44
108
7
10
54
194
183
162
98
70
8
94
124
199
16
39
97
32
118
64
7
128
91
202
144
206
113
217
193
202
222
42
93
127
45
96
214
77
28
67
118
94
43
87
178
15
98
164
27
152
109
164
211
61
4
109
58
14
200
164
23
19
120
151
20
192
61
129
206
83
153
27
130
157
214
28
9
167
182
203
201
136
96
167
64
48
104
19
175
63
1
166
59
17
43
73
135
191
57
179
91
65
164
188
55
19
87
25
54
31
121
140
191
9.71588675911526
0.018955248489456
166
1
1
1
0
1
1
1
1
1
1
1
1
1
1
1
1
1
1
1
1
1
1
1
1
1
1
1
1
1
1
1
1
1
1
1
1
1
1
1
1
1
1
1
1
1
1
1
0
1
1
1
1
1
1
1
1
1
1
1
1
1
1
1
1
1
1
1
1
1
1
1
1
1
1
1
1
1
1
1
1
1
1
1
1
1
1
1
1
1
1
1
1
1
1
1
1
1
1
1
1
1
1
1
1
1
1
1
1
1
1
1
1
1
1
1
1
1
1
1
1
1
1
1
1
1
1
1
1
1
1
1
1
1
1
1
1
1
1
1
1
1
1
1
1
1
1
1
1
1
1
1
1
1
1
1
1
1
1
1
1
1
1
1
1
1
1
