966
80
936
252
550
721
654
378
132
827
846
708
533
831
750
742
339
70
130
415
460
340
325
731
680
528
909
126
950
249
194
428
119
296
557
145
231
636
127
26
43
347
810
179
681
318
686
797
427
639
421
837
958
169
724
151
24
791
711
627
788
810
747
870
917
749
517
13
797
737
109
867
770
478
278
540
853
394
595
809
534
288
4.70810825119501
0.39688258939998
80
0
0
0
0
0
1
1
0
1
0
0
0
1
0
0
0
1
0
0
1
0
1
1
1
1
1
0
1
1
1
0
1
0
0
0
1
1
1
1
0
0
0
1
1
0
0
1
0
0
1
0
1
0
1
1
1
0
1
0
1
0
1
0
1
1
0
1
1
0
1
0
1
1
1
1
0
0
1
1
1
