112
136
44
54
91
34
101
61
110
83
46
57
21
82
88
2
103
17
104
12
30
40
5
56
105
90
111
103
97
37
50
97
79
7
83
44
89
36
35
85
40
26
1
26
13
18
57
71
83
22
0
11
80
5
67
96
6
86
44
87
55
106
101
47
34
82
111
6
51
3
5
102
41
62
70
88
17
46
10
66
107
53
58
34
28
41
24
19
10
27
26
10
67
95
49
1
104
0
32
83
3
73
53
54
99
1
34
38
17
109
24
92
97
44
77
70
87
73
106
91
95
25
98
100
23
32
58
89
109
83
49
29
57
109
97
68
89
111
0.509254888870071
0.0145749960656764
136
1
1
1
1
1
1
1
1
1
1
1
1
1
1
1
1
1
1
1
1
1
1
1
1
1
1
1
1
1
1
1
1
1
1
1
1
1
1
1
1
1
1
1
1
1
1
1
1
1
1
1
1
1
1
1
1
1
0
1
1
1
1
1
1
1
1
1
1
1
1
1
1
1
1
1
1
1
1
1
1
1
1
0
1
1
1
1
1
1
1
1
1
1
1
1
1
1
1
1
1
1
1
1
1
1
1
1
1
1
1
1
1
1
1
1
1
1
1
1
1
1
1
1
1
1
1
1
1
1
1
1
1
1
1
1
1
