402
152
11
113
28
271
3
374
28
289
144
158
52
48
34
325
269
306
38
48
37
223
72
38
338
278
320
127
371
165
57
153
17
161
138
9
175
307
168
357
318
213
56
372
134
99
287
235
280
14
52
177
386
129
267
65
307
172
46
5
36
93
166
108
341
282
375
204
156
31
200
276
4
84
369
177
49
21
114
373
239
370
352
346
202
299
307
125
55
133
92
97
275
390
164
22
283
49
57
269
13
22
315
186
243
50
300
300
286
133
222
49
221
4
203
243
101
137
169
309
287
388
168
84
88
291
36
360
36
159
278
145
158
49
396
150
138
54
65
29
355
50
391
324
388
391
0
163
49
129
285
135
351
190
0.362768272837086
0.371536549931517
152
0
0
1
1
1
1
1
1
1
1
1
0
1
1
1
0
1
0
1
0
0
1
1
1
0
0
1
0
0
0
1
0
1
1
0
0
1
0
1
1
1
1
1
1
1
1
1
0
0
1
1
1
0
1
0
1
0
0
0
0
1
1
1
1
0
1
0
1
1
1
0
1
1
0
1
1
0
1
0
1
1
1
1
0
0
0
0
0
0
1
1
1
1
0
1
1
1
1
1
0
1
0
1
1
0
1
1
0
1
1
1
1
1
0
1
1
0
1
1
0
1
0
1
1
1
1
1
1
1
1
0
1
1
1
1
0
0
0
1
1
1
1
0
0
1
1
1
1
1
1
1
1
