397
86
334
7
115
386
22
167
3
45
154
142
68
302
346
328
16
292
272
66
355
64
41
102
196
153
290
231
33
158
226
163
163
36
221
295
325
74
336
361
268
93
115
137
306
345
156
241
158
346
119
359
234
199
100
383
20
339
301
223
156
258
208
77
45
356
312
111
43
203
252
231
40
164
151
221
364
189
115
206
56
73
151
267
354
138
387
178
7.2477867064755
0.0412129336683726
86
1
1
1
1
1
1
1
1
1
1
1
1
1
1
1
1
1
1
1
1
1
1
1
1
1
1
1
1
1
1
1
1
1
1
1
1
1
1
1
1
1
1
1
1
1
1
1
1
1
1
1
1
1
0
1
1
1
1
1
1
1
1
1
1
1
1
1
1
0
1
1
1
1
1
1
1
1
0
1
1
1
1
1
1
1
1
