205
122
90
100
37
68
205
146
116
39
72
145
16
135
197
46
18
164
153
181
27
83
186
81
15
125
16
29
202
90
28
188
128
135
119
72
193
182
23
96
141
28
179
189
187
135
194
145
67
101
119
33
0
168
75
126
99
60
40
23
198
51
125
172
113
169
143
40
182
169
157
178
77
27
70
148
92
84
79
101
140
142
186
12
87
37
161
84
19
123
183
63
75
49
81
54
11
66
7
167
50
0
152
29
46
101
72
152
58
174
94
78
90
83
34
110
194
19
99
132
38
188
111
134
3.60104794469504
0.240707187894085
122
1
1
0
1
1
1
1
1
1
1
1
1
1
1
1
0
1
0
0
1
0
1
1
0
1
1
0
1
0
1
1
1
0
0
0
0
1
0
1
1
0
1
1
0
1
1
1
1
1
1
1
1
1
1
0
1
1
0
1
1
1
1
1
1
0
1
0
1
0
1
1
1
1
0
1
1
1
1
1
1
1
1
1
1
0
0
0
1
1
1
0
1
1
0
1
1
0
1
0
1
1
1
1
1
1
0
0
1
0
1
1
0
1
0
0
0
1
1
1
1
1
1
