911
164
406
377
89
296
500
376
857
708
579
34
851
180
626
350
691
120
766
105
520
247
164
247
288
196
708
752
888
402
604
274
582
23
260
371
621
458
770
772
572
530
607
281
654
244
498
47
458
791
571
171
292
725
210
870
586
601
47
216
346
417
107
785
124
233
730
289
712
695
415
567
902
757
120
123
70
97
760
544
893
543
665
685
621
377
183
537
686
582
840
457
303
41
500
640
752
260
636
348
427
907
221
872
562
295
501
434
838
181
228
127
499
416
20
514
592
2
262
329
49
521
868
11
359
621
877
694
272
742
794
665
650
435
315
572
731
304
250
229
370
735
791
392
185
262
532
309
33
275
662
220
392
396
655
80
518
708
102
176
163
727
654
735
95
591
0.77681855223787
0.154902024112429
164
0
0
1
1
1
1
1
1
0
1
0
1
1
0
0
1
1
1
1
1
1
1
1
1
1
0
1
1
1
1
0
1
1
1
0
1
1
1
1
1
1
1
1
0
1
1
1
1
1
1
0
1
1
1
1
1
0
1
1
1
1
1
1
1
1
1
1
1
1
1
0
1
1
1
1
0
1
1
1
1
1
1
1
1
1
0
1
0
1
1
1
1
1
1
0
1
1
1
1
1
1
0
1
0
1
1
1
0
0
1
1
1
0
1
1
1
1
1
1
1
0
1
1
1
1
1
1
0
1
1
1
1
1
1
1
1
1
1
1
0
1
1
1
1
1
1
1
1
0
1
1
0
1
1
0
1
1
1
1
1
1
1
0
1
