364
106
154
31
218
181
302
158
236
91
230
97
95
165
187
180
161
63
65
12
245
46
160
93
158
100
335
220
205
222
361
81
305
161
0
316
327
256
300
167
259
53
177
284
334
183
22
272
316
55
149
140
249
206
195
356
158
318
51
135
121
21
3
202
28
254
323
154
44
363
72
236
70
350
197
65
1
31
298
293
98
152
198
247
85
153
312
239
119
28
309
101
5
224
117
110
108
263
242
179
78
80
48
309
256
113
199
189
2.64247150174233
0.149288654904041
106
1
0
1
1
1
1
0
1
1
1
1
0
1
1
1
1
1
1
1
1
1
1
1
1
1
1
1
1
1
1
1
1
1
1
1
1
1
1
1
0
1
1
1
1
1
1
1
1
0
1
1
0
0
1
1
1
1
1
1
1
1
0
1
1
1
0
0
1
1
1
1
1
1
1
1
0
0
1
1
1
1
1
1
1
1
1
1
1
1
0
1
1
1
1
1
0
1
1
1
0
1
1
1
1
1
1
