100
146
14
35
69
62
21
3
46
11
91
55
2
91
43
92
82
68
10
88
78
100
97
95
96
83
47
59
22
70
30
27
44
64
44
78
58
59
26
2
75
75
90
44
16
0
5
23
87
64
18
76
69
0
48
54
95
80
38
79
81
36
90
54
66
45
85
30
17
57
40
43
72
81
67
99
50
40
98
73
62
66
33
38
41
76
27
44
78
17
22
92
55
18
95
92
22
45
70
62
29
86
100
73
61
32
96
43
93
82
70
21
31
85
60
12
89
22
66
30
50
69
41
61
67
61
62
13
75
44
81
45
15
90
43
100
16
94
45
39
81
61
25
0
81
7
83
42
4.84694832633973
0.244568417496206
146
1
1
1
1
1
1
1
1
0
1
1
1
1
1
1
0
1
1
1
1
1
1
1
1
1
1
1
0
1
1
1
1
0
1
0
1
1
1
1
1
1
1
1
1
0
1
0
1
0
1
1
0
1
1
1
1
0
1
0
1
1
1
0
1
0
1
0
1
0
1
1
1
0
1
1
1
1
0
1
1
1
1
1
0
1
1
0
1
1
1
1
1
0
1
1
1
0
1
1
1
1
1
1
1
1
0
1
0
0
1
1
0
1
1
1
1
1
1
0
1
1
1
1
0
1
0
1
1
0
1
1
0
1
1
1
1
0
1
1
1
0
1
0
1
1
1
