996
94
700
258
870
44
190
629
134
166
239
592
526
74
840
621
140
379
487
215
70
403
245
93
37
335
413
635
338
802
404
786
737
47
920
858
365
403
355
201
980
799
213
546
109
605
856
580
726
629
609
526
908
807
712
737
822
723
779
500
500
799
698
271
507
925
2
913
463
78
828
18
19
529
173
117
645
30
900
413
23
896
4
698
518
763
64
874
723
292
32
618
186
867
432
350
8.35905993569262
0.123555992762539
94
1
0
1
1
1
1
1
0
1
1
1
1
0
1
1
1
0
1
1
1
1
1
1
1
1
1
1
1
1
1
1
1
0
1
1
1
1
1
1
1
0
1
1
1
1
0
1
1
1
1
1
1
1
1
1
1
1
1
0
1
1
1
1
1
0
1
1
1
1
1
1
1
0
1
0
1
1
1
1
1
1
1
1
1
1
1
1
1
1
1
1
1
1
1
