855
102
423
531
153
290
39
789
306
765
466
466
161
162
669
352
525
736
245
814
499
390
87
87
810
266
337
745
259
251
800
485
323
646
374
22
130
22
614
622
394
801
508
665
837
817
704
572
206
379
816
144
117
92
572
689
596
148
533
802
517
481
511
154
238
545
714
145
419
776
458
434
714
445
571
526
1
629
64
474
270
82
702
716
547
5
639
486
538
797
165
373
690
664
260
643
313
719
718
394
188
611
191
707
2.03823965808383
0.176547885340336
102
1
0
1
1
1
1
1
1
1
0
1
1
1
1
0
1
1
1
1
1
1
0
0
1
0
1
0
1
1
1
1
1
1
1
1
1
1
1
1
1
1
1
1
0
1
1
0
1
1
1
1
1
0
1
1
1
0
1
1
1
1
0
1
0
1
1
0
1
1
1
1
1
1
1
1
1
0
1
1
1
1
1
1
1
1
1
1
0
1
1
1
1
1
1
1
1
1
1
0
1
1
1
