906
196
117
215
247
115
504
523
197
574
635
486
49
534
430
589
411
156
578
118
548
377
842
723
562
175
81
72
264
461
166
168
846
8
172
473
366
706
47
843
680
698
252
565
581
590
638
296
805
282
54
868
617
677
764
295
709
660
689
523
392
586
676
271
250
71
517
149
732
799
264
423
43
639
367
58
844
732
739
440
723
647
774
90
791
718
289
689
802
473
35
282
839
690
451
196
861
167
899
439
184
737
542
781
749
71
171
411
135
23
526
262
201
14
230
524
452
50
296
583
627
577
862
332
77
99
850
259
63
320
685
783
896
460
115
570
872
336
392
589
439
378
629
828
388
548
392
2
750
646
331
612
21
700
852
414
24
453
137
87
240
649
602
19
467
493
10
766
217
20
165
635
809
658
744
493
716
62
679
47
820
299
289
403
59
637
44
384
635
876
730
294
565
450
730
514
349
187
2.06591965912774
0.329906943795498
196
1
0
0
0
1
1
0
0
0
1
1
0
1
0
1
1
1
1
1
1
1
0
0
0
1
1
1
0
0
1
1
0
1
1
1
0
0
0
0
1
1
1
1
1
1
1
1
0
0
1
0
0
1
0
1
1
0
0
0
1
1
0
1
1
1
0
0
1
0
1
1
1
1
1
1
0
0
1
1
0
1
1
1
1
1
0
1
1
1
1
1
1
1
1
1
0
1
1
1
1
1
0
1
1
1
0
1
0
0
0
1
0
0
1
1
1
0
1
1
0
0
1
0
1
1
1
0
1
1
1
1
0
1
0
1
1
1
0
1
1
0
0
1
1
1
0
1
0
1
1
1
0
1
1
1
0
0
0
0
1
0
1
1
0
1
1
1
1
0
1
0
1
0
1
1
0
0
1
0
1
1
1
0
0
0
0
1
1
1
0
1
1
1
1
0
1
