314
150
266
279
198
68
28
280
111
12
82
223
18
157
175
0
276
174
59
32
100
249
40
67
119
312
52
112
153
314
143
140
133
99
52
133
69
81
147
167
242
232
251
105
89
252
294
80
281
210
20
83
44
304
273
228
116
304
282
155
180
267
163
82
253
165
52
151
82
79
58
285
100
71
99
207
131
194
297
140
14
245
68
238
263
258
218
192
36
243
167
208
226
302
194
62
247
182
14
12
89
282
215
162
139
115
239
299
188
149
291
245
170
211
242
249
255
96
226
164
105
209
151
11
78
206
243
191
215
57
21
265
48
38
61
13
80
75
59
297
164
33
58
273
206
88
199
105
125
119
128
33
7.0466680383929
0.138801102252149
150
1
1
0
1
1
1
1
1
1
1
1
1
1
1
0
0
1
1
1
1
1
1
1
1
1
1
1
1
1
0
1
1
1
1
1
1
1
1
1
1
1
0
1
1
1
1
1
1
1
1
1
1
1
1
1
1
1
1
1
1
1
0
1
1
1
1
1
0
1
0
1
1
0
0
0
1
1
1
1
1
1
1
1
1
1
1
1
1
1
1
1
1
1
1
1
1
1
1
1
1
1
1
1
1
1
1
0
1
1
1
1
1
1
1
0
1
1
1
1
1
1
1
1
0
1
0
1
1
1
1
1
1
1
1
1
1
1
1
1
1
1
1
1
1
1
1
1
1
1
1
