127
140
27
4
16
12
116
14
14
42
100
52
41
8
10
17
83
45
119
14
35
10
101
40
121
84
64
18
124
24
53
1
78
73
108
52
48
29
127
81
17
93
63
63
0
126
126
106
25
28
47
127
38
86
25
0
27
94
96
10
19
31
37
107
36
25
74
117
110
28
116
72
3
9
89
113
18
109
50
11
30
36
21
84
103
31
11
98
46
122
21
50
50
42
29
31
65
26
22
79
85
54
34
16
124
7
47
9
37
43
52
23
127
23
47
14
35
93
26
43
38
33
41
119
20
126
55
115
1
42
96
79
1
63
43
8
64
124
15
44
13
82
2.83612404497311
0.0844979224243512
140
1
1
1
1
1
1
1
1
1
1
1
0
1
1
1
1
1
1
1
1
1
1
1
1
1
1
1
1
1
1
1
1
1
1
1
1
1
1
1
1
1
1
1
0
1
0
1
1
1
1
1
1
1
1
1
1
1
0
0
1
1
1
1
1
1
1
1
1
1
1
0
0
1
1
1
1
1
1
1
1
1
1
1
1
1
1
1
1
1
0
0
1
1
1
1
1
1
1
1
0
1
1
1
1
1
1
1
1
0
1
1
1
1
1
1
1
1
1
1
1
1
0
1
1
1
1
1
1
1
1
1
1
1
1
1
1
1
1
1
1
