460
142
363
394
68
169
136
94
299
315
87
453
219
366
180
199
383
81
196
219
391
187
342
448
207
237
231
439
48
324
269
85
337
409
443
90
74
316
376
271
170
160
79
116
53
272
84
147
138
216
260
11
321
345
293
155
242
226
131
270
92
428
186
194
21
317
10
116
459
301
357
45
129
33
160
460
360
323
324
438
459
117
112
185
454
235
215
433
364
61
57
3
306
2
193
324
315
159
421
208
369
385
191
328
173
197
135
143
253
9
90
10
132
37
417
76
54
339
431
27
328
247
217
296
162
317
104
428
149
329
392
203
448
94
29
334
345
317
335
271
451
3
437
133
3.01140288581901
0.14623933521064
142
0
1
0
1
1
1
1
1
1
1
1
1
1
1
1
1
1
1
1
0
1
1
0
1
1
1
1
1
1
1
1
1
1
1
1
1
0
1
1
0
1
1
1
1
1
1
0
0
1
1
1
1
1
1
1
1
1
1
1
0
1
1
1
1
1
1
0
1
1
1
1
1
1
1
1
1
1
1
0
1
1
1
1
0
1
0
1
1
1
1
0
1
1
0
1
1
1
1
1
1
1
1
1
1
1
1
1
1
1
1
1
1
1
0
1
1
1
0
1
1
0
1
0
0
1
1
1
1
1
1
1
1
1
1
1
1
0
1
1
1
1
1
