613
86
110
29
37
115
44
146
277
589
263
399
415
454
610
201
196
101
533
6
375
524
538
18
465
21
109
61
95
227
83
469
308
570
226
385
564
135
86
213
66
243
305
228
189
271
279
123
13
80
319
21
591
161
38
42
554
426
567
174
198
150
55
471
612
554
583
418
447
369
380
149
503
542
201
225
433
570
229
592
254
264
147
249
211
518
337
363
6.09580561095537
0.124639190840979
86
0
1
1
1
1
1
1
1
1
0
1
1
1
1
0
1
1
1
1
1
1
1
1
1
1
1
1
0
1
1
1
1
1
1
1
1
1
1
1
1
1
0
1
1
1
1
1
1
1
1
1
1
1
1
1
0
1
1
1
1
1
1
1
1
1
1
0
1
1
1
1
1
0
1
1
1
1
1
0
1
1
1
1
1
1
0
