790
90
268
466
476
212
66
702
653
527
666
449
614
113
274
203
639
785
422
726
320
550
586
576
552
694
736
787
697
305
538
428
319
674
125
243
522
695
275
0
259
39
599
730
607
73
27
174
640
203
228
237
438
188
87
250
432
403
337
35
658
606
4
563
630
626
115
632
700
177
477
427
789
379
686
28
657
759
101
328
611
271
535
612
617
272
468
40
365
328
5
452
0.674651213268995
0.0892445682933477
90
1
0
1
1
1
1
1
1
1
1
1
1
1
0
1
1
1
1
0
1
1
1
1
1
0
1
1
1
1
1
1
1
1
1
1
1
1
1
1
1
1
1
1
1
1
1
1
0
1
1
1
1
1
1
1
1
1
1
0
0
1
1
1
1
1
0
1
1
1
1
1
0
1
1
1
1
1
0
1
1
1
1
1
1
1
1
1
1
1
1
