906
96
316
229
134
651
74
21
109
713
265
736
807
49
775
305
64
511
253
0
722
860
300
350
510
487
215
867
883
158
666
34
302
898
134
413
246
153
15
296
722
684
310
863
47
724
690
117
829
245
550
591
888
759
171
169
853
777
651
526
397
570
121
604
239
307
336
779
870
558
449
655
771
239
812
898
27
830
223
493
632
475
831
661
804
5
586
293
887
72
458
94
711
631
427
611
661
493
0.257809174210399
0.241061908777263
96
1
1
0
0
1
1
1
1
1
1
1
1
1
1
1
1
1
0
1
1
1
1
0
1
1
0
0
1
0
0
1
1
1
0
1
1
1
1
0
0
0
1
1
1
1
1
0
0
0
0
1
0
1
1
1
1
1
1
0
1
1
0
1
1
1
1
0
0
1
1
1
1
1
1
1
1
1
1
1
1
1
1
0
1
1
0
1
1
1
1
1
1
1
1
1
0
