871
144
506
545
302
424
743
719
779
607
157
276
253
397
464
67
448
396
600
177
379
592
668
730
862
465
139
127
89
756
510
464
150
64
61
203
248
600
588
775
832
193
155
498
505
863
145
648
266
136
230
582
816
835
610
451
196
50
204
696
570
518
338
789
522
464
409
691
695
219
562
662
185
141
539
762
675
449
759
436
296
746
709
589
220
373
749
468
66
470
407
404
628
527
292
103
36
729
652
824
661
388
855
798
217
317
420
709
810
219
433
230
763
129
397
555
205
106
137
599
829
796
683
239
678
27
495
560
660
544
486
438
529
847
337
238
258
494
559
156
232
299
734
3
418
619
1.09686168976384
0.188260576282919
144
1
0
1
1
1
1
1
1
1
1
1
1
1
1
0
1
0
1
1
1
0
1
1
0
1
1
1
0
1
1
1
1
1
1
1
0
1
1
1
0
1
1
1
1
1
1
0
1
1
1
0
1
0
1
0
0
1
1
1
1
1
0
0
1
1
1
0
1
1
1
1
1
1
1
1
0
1
1
1
1
1
1
1
1
1
1
1
1
1
0
1
1
1
1
1
1
1
1
1
1
1
1
1
1
1
1
0
1
1
1
1
1
1
0
1
1
1
1
1
1
0
1
1
1
1
0
0
1
1
1
1
1
1
1
1
1
1
1
1
1
0
0
0
1
