378
114
29
19
163
155
64
347
34
188
251
141
229
58
159
180
17
313
63
216
211
43
121
225
168
31
51
318
136
346
182
239
53
276
110
299
336
228
311
184
56
4
315
338
22
5
158
257
83
293
42
97
72
323
67
130
87
153
172
273
298
337
75
212
163
87
56
313
371
182
145
299
25
127
70
296
177
108
375
303
117
339
256
224
20
268
69
307
335
190
25
63
166
295
198
70
286
77
78
31
121
237
39
222
241
92
57
304
309
329
262
111
324
35
132
121
4.92025597307442
0.166603120096301
114
1
1
1
1
1
1
1
0
1
1
1
1
1
0
1
1
1
1
1
1
1
1
1
1
1
0
1
1
0
1
1
0
0
1
0
0
1
1
1
1
0
1
0
1
1
1
1
1
0
1
0
1
0
1
1
0
1
0
1
1
1
1
1
1
1
1
1
1
0
1
0
1
1
1
1
1
0
1
1
0
1
1
1
1
0
1
0
1
0
1
0
1
1
1
0
0
0
1
1
1
1
1
1
1
1
1
1
1
1
1
1
1
1
1
