919
144
851
814
655
799
668
519
440
626
409
140
578
55
185
852
651
908
125
843
482
448
149
625
66
248
478
902
317
287
71
215
619
550
531
554
652
90
374
324
381
453
540
807
68
666
566
650
645
630
88
4
190
860
116
49
827
822
388
637
604
87
403
533
837
243
89
739
351
772
745
599
371
706
188
692
558
250
8
824
712
440
501
190
803
901
297
402
271
289
860
870
162
411
767
319
297
762
443
55
171
160
495
580
894
361
567
786
128
294
657
118
65
345
201
436
148
306
180
128
387
709
724
100
34
46
387
458
507
749
854
607
510
805
697
523
776
440
486
81
9
142
834
100
840
766
8.77136102503439
0.2323032721274
144
0
1
1
1
1
1
0
1
0
1
0
1
1
1
1
0
0
1
1
0
0
1
1
1
1
0
1
0
1
1
1
0
1
0
1
1
0
0
1
1
1
0
1
1
0
0
1
1
0
1
0
1
0
1
1
1
1
1
0
1
1
1
1
1
1
1
0
0
1
1
0
1
1
1
1
1
0
1
1
1
1
0
1
1
1
1
0
1
1
1
1
1
0
1
1
1
1
1
1
0
1
0
1
0
1
1
0
0
0
1
0
1
1
0
0
1
1
1
1
1
1
1
0
1
1
1
1
1
0
0
1
1
1
1
1
1
0
0
0
1
0
1
1
1
