240
124
141
96
40
142
32
155
144
101
99
57
187
43
29
230
240
25
213
52
70
230
103
124
173
134
67
46
141
229
173
3
8
124
49
160
154
32
153
18
95
173
134
57
141
38
123
210
152
201
8
46
7
223
125
229
3
138
203
134
27
123
90
203
75
152
236
60
24
110
225
47
160
9
10
44
21
227
171
37
233
57
49
89
176
29
57
86
126
73
131
187
188
90
53
183
172
132
20
156
36
200
23
146
194
34
134
214
120
149
129
160
214
171
156
113
46
45
222
67
223
170
218
0
139
4
1.05660450413132
0.226515495393651
124
0
1
0
0
1
0
1
1
1
0
1
1
1
1
1
1
1
1
1
1
1
1
1
1
1
1
0
1
0
1
1
1
0
1
1
1
0
1
1
1
1
1
1
1
1
0
1
0
0
1
1
0
0
1
1
1
1
1
1
1
1
0
1
1
1
1
1
0
0
0
0
1
0
1
1
1
1
1
0
1
1
0
1
1
1
1
1
1
1
1
1
1
1
1
1
1
1
0
1
0
1
0
1
0
1
0
1
1
1
1
1
1
1
1
1
1
1
1
1
1
0
1
1
1
