993
182
689
648
839
437
475
490
696
147
759
401
778
575
192
938
929
354
797
608
516
215
319
136
934
686
594
816
566
792
104
868
421
549
421
483
726
345
25
871
50
19
195
58
982
143
642
12
879
628
451
15
411
199
842
621
829
448
411
166
909
992
147
247
574
807
544
195
584
843
810
468
351
263
757
38
192
179
374
137
5
692
302
368
493
415
849
869
279
611
826
172
922
975
970
796
667
787
928
526
315
188
273
585
73
367
325
912
448
102
548
399
865
662
322
545
881
824
436
179
927
452
21
670
403
665
150
525
553
526
448
545
257
689
933
706
580
425
585
393
243
988
458
214
119
350
275
314
989
4
825
654
300
209
869
839
809
143
86
986
811
82
419
597
110
724
64
497
448
160
225
655
22
634
896
70
231
78
905
289
387
550
632
657
2.1833365778978
0.317645647116646
182
1
0
1
0
0
1
0
0
0
1
1
1
0
0
1
0
1
1
1
1
1
1
1
0
1
1
0
0
0
1
1
0
1
1
1
1
1
1
1
0
1
1
1
0
1
1
1
1
1
1
1
0
1
1
0
1
1
1
1
1
0
1
1
1
1
1
1
0
0
1
1
1
1
1
0
0
1
0
1
1
0
1
1
1
1
1
1
1
1
0
1
1
1
1
1
0
1
1
1
1
1
1
1
1
0
1
1
1
1
0
0
1
0
1
1
1
1
1
1
1
1
1
0
1
0
1
0
1
0
1
1
0
1
1
1
1
1
1
1
1
1
1
1
1
0
1
1
1
1
1
1
1
0
1
1
1
1
1
1
1
1
0
0
1
1
0
0
1
1
1
0
0
1
1
0
1
1
0
1
1
1
1
