217
180
190
120
119
84
81
193
175
213
44
106
127
155
0
49
207
127
182
194
15
138
73
169
148
141
210
201
78
100
198
32
177
136
125
126
56
70
162
10
87
112
118
85
60
46
20
47
193
101
114
182
46
136
130
128
204
134
128
129
200
141
43
144
169
39
165
180
108
192
109
98
34
7
178
43
152
145
29
98
145
94
131
103
117
123
178
113
101
104
96
193
12
194
51
59
134
102
71
84
1
51
110
5
108
165
169
216
13
80
158
117
209
20
164
150
217
145
68
123
92
190
60
93
207
70
191
165
174
178
153
150
96
89
197
29
58
128
116
41
91
47
83
194
171
64
166
129
48
91
94
171
100
192
57
216
148
159
99
41
206
45
70
187
19
77
11
86
114
12
129
121
96
217
200
110
24
131
141
145
89
202
9.05326384405363
0.120094361748062
180
1
1
1
1
1
1
1
1
1
1
1
1
1
1
1
1
1
0
1
1
1
1
1
1
1
0
1
1
0
1
1
1
1
1
1
1
1
1
1
1
1
1
1
1
1
1
1
1
1
1
1
1
1
1
1
1
1
0
1
1
1
0
1
1
1
1
1
1
0
1
1
1
1
1
1
1
0
1
1
0
1
1
1
1
0
1
1
1
1
1
1
1
1
1
1
1
1
1
1
1
1
1
1
0
0
0
1
1
1
1
1
0
1
1
1
0
1
1
1
1
1
1
1
1
1
1
0
1
1
1
0
1
1
1
1
1
1
1
1
1
1
1
0
1
1
1
0
1
0
1
1
1
1
1
1
1
1
1
1
1
1
1
1
1
1
0
1
1
1
1
0
1
1
1
1
1
1
1
1
1
