174
176
16
100
116
33
31
5
121
3
110
32
150
136
89
28
13
128
166
138
162
0
17
15
40
31
119
111
36
29
26
47
138
131
174
160
45
121
27
34
136
135
102
133
149
173
96
130
21
99
152
152
23
99
41
174
139
57
73
14
1
140
134
59
24
110
56
84
14
95
57
110
64
82
16
18
121
14
111
1
88
60
53
43
51
36
142
133
162
173
71
138
28
76
133
119
110
143
95
139
80
3
90
40
166
156
62
70
155
99
101
131
5
17
0
102
26
148
137
18
112
156
160
99
172
30
16
0
156
32
125
51
2
22
42
17
120
149
157
27
48
34
83
70
23
97
155
0
114
157
54
137
54
118
169
45
12
81
174
155
92
43
10
33
77
8
156
109
120
111
49
94
144
131
25
104
34
49
8.84355062556862
0.190008101690967
176
1
1
0
1
1
1
1
1
1
1
0
1
1
1
1
1
1
0
1
0
1
0
1
1
1
1
1
1
1
1
1
1
1
1
1
1
1
1
1
1
0
1
1
1
0
1
1
0
0
1
0
1
1
1
1
1
0
0
1
0
1
1
1
1
1
1
1
0
1
1
1
1
1
1
1
1
1
0
1
1
1
0
1
1
1
1
1
1
1
1
1
1
1
1
1
1
1
1
1
1
1
0
1
1
1
1
0
1
0
0
1
1
1
1
1
1
1
1
1
0
1
0
1
0
1
1
0
1
1
1
1
1
1
1
0
1
1
1
1
1
1
0
1
1
1
1
1
1
0
1
1
1
1
1
1
1
1
1
1
1
0
0
1
1
1
1
1
1
1
1
1
1
1
1
1
1
