708
184
145
699
295
145
514
573
483
74
120
123
154
104
125
263
706
698
53
465
558
289
619
324
512
680
311
491
561
354
253
663
290
500
522
362
337
221
509
499
469
289
208
12
295
401
587
614
149
470
551
290
129
219
678
344
283
108
113
119
380
86
259
511
80
380
344
175
95
667
651
569
100
110
300
91
502
7
178
690
626
86
343
446
659
353
455
671
418
467
426
40
256
261
32
677
555
173
236
455
686
481
657
655
118
407
290
52
157
493
285
230
303
458
152
107
679
496
431
570
194
553
60
260
455
327
340
80
360
532
600
123
246
680
598
165
146
507
610
684
177
241
303
271
706
528
392
524
521
572
486
377
520
695
409
490
306
300
226
49
166
440
177
291
448
99
235
3
337
434
491
481
254
85
630
685
451
32
531
471
49
516
14
628
582
692
4.77894756371008
0.0726070506420312
184
1
0
1
1
1
1
1
1
1
1
1
1
1
1
1
1
1
1
1
1
1
1
0
1
1
1
0
1
1
1
1
1
1
1
1
1
1
1
1
1
1
1
0
1
1
1
1
1
1
0
1
1
1
1
1
1
1
1
1
1
1
1
1
1
1
1
1
1
1
0
1
1
0
1
1
1
0
0
1
1
1
1
1
0
1
0
1
1
1
1
1
1
1
1
1
1
1
1
1
1
1
0
1
1
1
1
1
1
1
1
1
0
1
1
1
1
1
1
1
0
1
1
1
1
1
1
1
1
1
1
1
1
1
1
1
1
1
1
1
1
1
1
1
1
1
1
1
1
1
1
1
1
1
1
1
1
1
1
1
1
1
0
1
1
1
1
1
1
1
1
1
1
1
1
1
1
1
1
1
1
1
1
1
1
