134
134
112
130
55
63
14
115
94
83
31
129
27
89
80
11
21
4
119
35
16
60
64
98
88
63
80
32
43
117
99
110
83
47
16
3
83
8
85
45
31
1
91
1
104
112
97
112
31
132
78
28
81
41
53
68
58
61
130
39
33
102
129
71
0
74
2
15
20
43
41
92
108
63
134
97
67
54
68
129
63
8
126
67
56
15
55
35
110
19
81
128
60
115
104
133
87
47
37
24
122
34
40
53
108
124
84
37
102
118
14
12
24
73
6
17
88
20
66
37
130
58
45
52
49
93
21
131
97
69
88
69
27
34
130
18
9.29776858049365
0.116662074996283
134
0
1
1
1
0
1
0
1
1
1
1
1
1
1
1
0
1
1
0
1
1
1
0
1
1
1
1
1
1
1
1
1
0
1
1
1
1
1
1
1
0
1
0
1
1
1
1
1
0
1
1
1
1
1
1
1
1
1
1
1
1
1
1
1
1
1
1
1
1
1
1
1
0
1
1
1
1
1
1
1
1
1
1
1
1
1
1
1
1
1
0
1
1
1
1
1
0
0
1
1
1
1
1
1
1
1
1
0
1
1
1
1
0
1
1
1
1
1
1
1
1
1
1
1
1
0
1
1
0
0
1
1
0
1
