131
134
36
128
14
35
78
50
123
121
76
106
71
5
126
48
8
129
113
127
128
104
5
20
120
28
12
57
4
24
71
20
5
57
50
125
27
109
122
87
32
91
103
61
130
83
68
0
34
40
84
62
30
20
127
58
80
131
56
126
24
131
98
11
81
1
22
120
48
44
67
36
92
2
40
27
95
115
115
100
77
3
42
46
18
95
126
106
106
83
94
29
30
114
118
111
15
17
95
98
85
129
103
6
126
101
117
118
56
48
80
107
119
46
68
107
96
126
91
84
47
11
67
1
79
14
126
92
113
49
55
31
89
108
36
41
9.03699609015838
0.238945781973778
134
1
1
1
1
1
1
0
0
1
0
0
1
1
0
1
0
1
1
1
1
1
1
1
1
1
1
1
0
1
1
1
0
1
1
1
0
1
0
1
1
1
0
1
1
1
1
1
1
0
1
1
0
1
1
0
1
0
1
1
0
1
1
1
1
1
0
1
1
0
1
1
0
1
1
1
1
1
1
1
1
1
1
1
1
0
0
0
1
1
0
0
0
1
0
1
1
0
1
1
1
1
0
1
0
0
1
1
1
1
0
0
0
1
0
1
1
1
1
0
1
1
1
1
1
1
1
1
1
1
1
1
1
0
1
