399
108
313
223
385
135
36
336
246
219
53
225
13
103
382
64
330
207
277
144
68
31
208
55
360
238
316
281
203
254
304
253
32
188
233
26
293
206
206
372
199
103
265
262
2
90
381
230
80
96
73
15
380
290
339
172
387
207
300
165
313
77
104
118
87
50
10
181
168
68
248
77
70
180
391
26
334
236
99
190
257
133
344
360
0
33
166
47
44
252
245
86
287
50
42
15
278
241
295
386
24
70
361
29
201
357
253
50
392
264
3.42289951821302
0.375792946709932
108
1
1
1
0
0
0
1
0
0
1
1
0
0
0
1
1
1
1
0
1
0
1
1
0
1
0
0
1
1
1
0
1
1
1
0
1
0
0
1
0
1
1
1
1
1
1
1
0
0
1
1
0
1
1
1
1
0
0
1
0
0
0
1
1
1
1
1
1
0
0
1
1
1
1
1
1
1
0
1
1
1
1
1
1
0
1
0
1
1
1
0
0
1
1
1
1
1
1
1
1
1
1
1
1
1
1
0
1
