414
196
388
245
248
292
343
169
229
139
279
399
282
294
230
243
410
107
346
306
254
90
303
34
236
111
186
25
313
88
52
203
220
149
360
0
351
14
336
73
318
307
406
314
357
157
380
233
400
285
83
190
71
207
209
278
81
233
346
74
78
7
112
137
361
146
356
276
326
332
203
238
274
11
403
243
87
31
6
14
226
150
204
208
346
97
38
368
15
168
82
114
169
24
254
109
78
300
390
291
247
9
214
220
191
256
235
357
122
305
316
398
213
164
177
238
135
361
57
222
18
62
210
365
155
121
324
100
138
229
7
19
383
293
92
297
344
91
193
119
66
107
10
90
142
68
34
337
335
115
153
353
219
323
323
281
103
137
246
234
349
183
379
81
291
392
11
396
335
172
178
86
209
249
281
55
381
258
164
372
13
64
44
370
398
398
128
222
254
92
58
139
385
312
175
155
86
196
3.71408002904225
0.315161475834242
196
1
0
0
1
1
1
0
0
1
1
0
1
1
1
1
0
0
0
1
0
1
1
1
1
1
1
0
1
0
0
0
1
1
0
0
1
1
1
1
1
0
1
1
1
1
0
1
1
1
0
1
1
0
1
1
1
1
1
1
0
0
1
0
0
1
1
1
1
1
1
1
1
1
1
1
0
1
1
1
1
0
1
0
1
0
0
0
1
1
1
1
1
1
0
1
0
1
0
0
0
0
0
1
1
0
1
1
1
1
1
0
1
0
1
1
0
0
1
0
1
1
0
1
1
1
1
1
0
0
1
1
1
1
0
0
1
1
1
0
1
0
1
0
1
0
1
1
0
0
1
1
1
0
1
0
1
0
0
1
1
1
0
1
1
1
1
1
0
0
1
1
0
0
1
1
1
1
1
1
0
0
1
1
0
1
1
0
0
1
1
1
1
1
0
1
1
