549
138
433
240
258
270
269
176
92
309
492
230
385
141
120
383
76
14
377
329
223
289
454
60
342
276
322
501
325
397
16
30
172
505
275
90
188
127
105
372
391
13
325
275
289
44
103
59
152
351
248
421
82
190
478
529
382
421
32
345
169
199
50
544
446
283
456
135
478
510
299
337
466
491
356
241
68
41
397
98
212
179
43
147
300
228
391
485
339
248
36
28
147
20
257
263
52
468
470
389
251
540
178
195
93
396
76
117
221
154
69
193
83
277
264
358
471
384
477
446
181
523
539
86
210
256
432
232
116
113
476
384
87
481
371
161
392
183
468
132
9.93290408864225
0.031697442450971
138
1
1
1
1
1
1
1
1
1
1
1
1
1
1
1
1
1
1
1
1
1
1
1
1
1
1
1
1
1
1
1
1
1
1
1
1
1
1
1
1
1
1
1
1
1
1
1
1
1
1
1
1
1
1
1
1
1
1
1
1
1
1
1
1
1
1
1
1
1
1
1
1
1
1
1
1
1
1
1
1
1
1
1
1
1
1
1
1
1
1
1
1
1
1
1
1
1
1
1
1
1
1
0
1
1
1
1
1
1
1
1
1
1
1
1
1
1
1
1
1
1
1
1
0
1
1
1
1
1
1
1
1
1
1
1
1
1
1
