461
144
91
257
138
185
78
459
110
459
292
136
130
457
48
343
298
263
50
228
82
192
206
370
252
43
174
105
352
33
280
235
262
322
319
26
181
32
419
327
156
152
69
141
362
161
75
200
344
221
397
41
212
135
69
311
399
187
26
193
176
37
195
164
91
227
173
331
235
312
184
78
305
178
360
285
271
175
408
435
398
240
431
316
368
272
16
329
65
2
114
188
268
104
65
440
425
104
75
205
440
223
340
297
418
190
85
195
24
432
320
166
313
177
206
438
68
282
417
303
415
269
344
170
407
15
395
458
6
95
450
231
277
37
455
4
296
447
326
194
349
230
148
153
274
172
3.82206209127185
0.0814783154232274
144
0
1
1
1
1
1
1
1
1
1
1
0
1
1
1
1
1
1
1
1
1
1
1
0
1
1
0
1
1
1
0
1
1
0
1
1
1
1
1
1
1
1
1
1
1
0
1
1
1
1
1
1
1
1
1
1
1
1
1
1
1
1
1
1
1
1
1
1
1
1
0
1
1
1
1
1
1
1
1
1
1
1
1
1
1
1
0
1
1
1
1
1
1
1
1
1
1
1
1
1
0
1
1
1
1
1
1
1
1
1
1
1
1
1
1
1
0
1
1
1
0
1
1
1
1
0
1
1
1
1
1
1
1
1
1
1
1
1
1
1
1
1
1
1
