534
82
381
297
275
319
267
188
6
340
233
510
299
57
403
359
329
16
188
483
55
252
373
199
472
114
320
502
443
189
242
257
283
336
350
522
477
276
406
357
392
107
72
9
151
501
332
232
306
187
377
425
379
282
518
64
218
239
31
131
283
423
374
41
409
499
275
43
244
162
27
517
48
360
521
523
231
251
205
354
218
318
505
120
7.51809324291375
0.155287157285254
82
1
1
1
0
1
1
1
1
1
1
1
1
1
0
1
1
1
1
1
1
0
0
1
1
1
1
0
1
1
1
1
1
1
1
1
1
1
0
1
1
0
1
1
0
0
1
1
1
0
1
1
1
1
1
1
1
1
1
1
1
1
1
1
1
1
1
1
1
1
0
1
1
1
0
1
1
1
1
1
1
1
1
