860
148
765
639
850
737
124
189
684
717
296
398
534
220
333
759
92
609
408
773
636
856
163
32
503
146
200
400
725
535
422
164
520
589
676
722
611
388
592
245
506
788
380
532
491
851
842
232
237
499
115
58
262
401
631
599
410
278
425
26
338
267
590
682
376
630
126
469
479
559
823
262
539
655
469
164
676
26
386
465
634
277
123
6
585
712
500
422
355
728
482
272
4
653
89
240
421
236
429
568
596
297
733
808
407
725
92
177
441
9
8
801
428
126
272
571
276
823
751
699
583
147
175
286
460
772
748
80
804
594
397
673
114
812
75
43
124
846
506
777
267
670
289
303
66
190
806
752
625
827
4.19236237587336
0.146498966674001
148
1
1
1
1
1
0
1
1
1
1
1
0
1
1
1
1
1
1
0
1
0
0
1
1
1
1
1
1
1
1
1
1
1
1
0
1
1
1
1
1
1
0
1
1
1
1
0
0
0
1
1
1
1
1
1
0
1
0
0
0
1
1
0
1
1
1
1
0
1
1
1
1
1
1
1
1
1
1
0
1
1
1
1
1
1
1
0
1
1
1
1
1
1
0
1
1
1
0
1
1
1
1
1
0
0
1
0
1
1
1
0
1
1
1
1
1
1
1
1
1
1
1
1
1
1
1
0
1
1
1
1
1
0
1
1
1
1
1
1
0
1
1
1
1
1
0
1
1
