447
184
170
343
232
423
198
173
121
294
365
265
277
433
263
21
433
21
360
201
314
122
444
109
330
206
94
143
350
222
258
351
120
183
347
101
180
9
323
329
419
136
335
9
43
219
12
411
248
356
273
147
32
425
347
272
84
47
399
147
215
264
2
270
394
327
230
201
410
321
350
148
268
88
143
134
101
43
9
278
118
221
334
250
174
381
17
181
238
226
133
438
8
396
192
165
255
147
187
70
285
210
16
60
217
373
28
214
236
345
60
90
71
134
105
376
55
443
217
257
54
218
359
304
55
262
33
62
413
76
45
147
34
242
46
47
151
78
439
347
173
383
181
11
317
421
51
162
287
205
308
280
2
35
22
442
55
205
47
206
323
62
101
60
61
139
155
38
343
403
135
229
385
53
173
344
388
338
299
293
76
220
113
183
3
225
7.83363877324187
0.171960674932374
184
1
1
1
1
1
1
1
1
1
1
1
1
1
1
1
1
0
1
0
0
1
1
1
1
1
1
1
1
1
1
1
1
0
1
1
1
1
1
1
1
1
1
1
1
1
0
1
1
1
1
0
1
1
0
0
1
1
1
1
1
1
1
1
0
1
1
1
0
1
1
1
1
0
0
1
1
1
1
1
1
1
1
0
1
1
1
1
1
1
0
1
1
0
0
1
0
1
1
1
0
1
1
0
1
0
1
1
1
1
1
1
0
1
1
1
1
1
1
1
1
1
1
1
1
1
1
1
0
0
1
1
1
1
1
1
0
0
1
0
1
1
1
1
1
1
1
1
0
1
1
1
1
1
1
1
0
0
1
1
1
1
0
0
1
1
1
1
1
1
1
1
1
1
1
1
1
1
0
1
1
1
1
1
1
