119
124
54
81
108
43
2
38
46
40
63
16
81
19
49
73
87
77
91
77
68
87
0
51
115
29
4
101
90
47
104
79
9
40
16
28
10
99
35
110
54
83
7
39
70
93
18
88
115
97
75
38
66
86
110
34
21
20
68
50
62
66
43
46
101
84
36
34
51
29
41
100
2
92
50
18
38
1
38
98
97
80
85
52
93
112
34
100
24
114
29
117
10
78
62
105
42
65
32
49
29
91
119
67
2
37
8
43
93
3
116
112
66
22
12
74
7
54
52
106
56
107
77
24
26
37
1.87542154144154
0.316523514930589
124
1
0
1
1
1
1
0
1
1
1
1
0
1
1
1
0
0
1
1
1
1
1
1
1
0
1
1
1
0
0
0
0
0
0
1
0
1
0
1
1
0
0
1
1
0
0
0
1
1
1
0
1
0
1
1
0
1
1
1
0
0
0
1
0
1
1
1
1
0
0
1
0
1
1
1
1
0
1
1
0
1
1
1
1
1
1
1
1
1
0
1
1
1
1
1
0
1
1
1
1
1
1
1
1
1
1
1
0
1
1
1
0
1
1
1
1
0
0
0
1
0
0
1
1
