617
136
345
279
497
294
304
145
273
274
357
292
281
335
50
351
183
585
400
579
291
513
153
180
65
437
7
171
55
478
390
187
510
62
384
539
207
212
340
398
119
527
450
55
416
118
449
552
3
319
53
192
366
259
591
536
103
554
386
577
7
345
529
107
288
203
369
357
17
108
411
354
456
336
421
262
151
187
64
246
173
11
385
348
441
146
208
128
210
96
241
471
405
148
140
243
459
396
418
243
162
10
229
181
442
361
95
549
306
226
455
428
144
312
403
473
605
137
186
338
265
247
162
78
320
614
426
365
487
216
617
616
91
475
325
552
322
279
5.53682977356333
0.0553519843278385
136
1
1
1
1
1
1
1
1
1
1
1
1
1
1
1
1
1
1
1
1
1
1
1
1
1
1
1
1
1
1
0
1
1
0
1
1
1
1
1
1
1
1
1
1
1
1
1
1
0
1
1
1
1
1
1
1
1
1
1
1
1
1
1
1
1
1
1
1
1
1
1
1
1
1
1
1
1
1
1
1
1
1
1
1
1
1
1
1
1
1
1
1
1
1
0
1
1
1
1
1
1
1
1
1
1
1
1
1
1
1
1
1
0
1
1
1
1
1
1
1
1
1
1
1
1
0
1
1
1
1
1
1
1
1
1
1
