785
82
396
220
447
46
241
679
161
556
584
26
526
39
687
361
666
350
36
248
49
136
260
682
183
676
670
392
677
293
22
544
1
26
500
684
566
321
484
581
49
34
678
83
414
206
159
533
26
295
460
661
493
386
54
78
536
553
349
634
310
282
380
388
128
169
75
223
687
685
501
757
457
248
359
576
487
749
98
72
358
330
552
116
6.76882298152872
0.246382800782048
82
1
1
1
1
1
1
1
0
1
0
1
1
1
1
1
1
1
1
1
0
1
0
1
1
1
1
1
0
1
1
1
1
1
1
1
1
1
0
1
0
1
1
1
0
1
0
1
1
0
1
1
1
1
1
1
0
0
0
1
1
1
0
0
1
0
1
1
0
1
0
0
0
1
1
1
1
0
0
0
1
1
1
