284
140
102
127
54
72
259
159
114
46
256
124
27
145
159
222
101
277
31
5
75
278
192
76
64
230
47
145
188
265
59
40
6
267
259
136
117
173
9
116
253
180
198
281
161
123
235
258
226
198
123
48
148
55
44
24
179
16
33
165
82
81
51
120
75
6
270
101
263
141
280
147
210
270
133
273
63
131
123
85
161
90
148
143
214
17
148
5
219
50
25
210
156
190
238
126
258
194
68
79
162
281
16
233
210
49
165
31
37
137
231
61
125
204
172
169
55
120
182
284
1
280
203
123
51
142
215
5
113
53
189
46
21
101
269
79
3
263
20
134
70
82
9.52538406526757
0.365116989851223
140
1
0
1
1
0
1
0
1
1
0
0
1
1
1
1
0
0
1
1
1
1
0
0
1
1
1
0
1
1
1
0
0
1
1
0
1
1
1
1
0
1
0
1
0
1
1
1
1
1
1
0
0
1
1
1
0
0
0
0
1
0
1
1
1
1
1
1
1
0
1
1
1
0
1
1
1
1
1
1
1
1
1
0
0
1
1
1
1
1
0
1
1
1
0
0
0
0
1
0
1
1
1
1
0
1
1
0
0
1
1
1
0
1
0
0
1
0
1
0
0
1
0
0
1
1
1
0
1
0
1
1
1
1
1
1
1
1
0
0
0
