603
178
276
120
410
478
494
514
339
341
548
91
325
172
13
287
277
416
25
217
302
575
21
294
173
399
322
488
491
239
470
151
179
201
557
269
586
406
324
582
388
402
395
142
31
321
214
239
487
388
123
152
229
511
134
196
582
193
460
62
481
520
392
484
214
4
500
529
211
157
534
576
174
174
297
25
288
580
15
396
351
93
478
182
504
41
500
417
145
437
338
29
351
214
276
104
437
48
600
341
520
525
311
191
228
53
73
440
371
310
71
493
595
547
320
292
242
456
556
162
169
8
36
284
302
127
318
573
109
543
470
8
173
455
75
449
148
190
373
98
576
38
524
375
318
537
270
560
68
480
115
580
117
354
306
274
43
433
129
304
516
342
430
253
190
374
57
62
144
253
396
361
162
243
427
311
284
98
198
514
5.37181912444702
0.0826328216877708
178
1
1
1
1
1
1
1
1
1
1
1
1
1
1
1
1
1
1
1
0
1
1
1
1
1
1
0
1
1
1
1
1
1
1
0
1
1
1
1
1
1
1
1
1
0
1
1
1
1
1
0
1
1
1
1
1
1
1
1
1
1
0
1
1
1
1
1
1
1
1
1
1
1
1
1
1
1
1
1
1
1
1
1
1
0
1
1
0
1
1
1
1
1
1
1
1
1
1
1
1
1
1
1
1
1
1
1
1
0
1
0
1
1
1
1
1
1
1
0
1
1
1
1
0
1
1
0
1
1
1
1
1
1
1
1
1
1
1
1
1
1
0
1
1
1
1
1
1
1
1
1
0
1
0
1
1
1
1
0
1
1
1
1
1
1
1
1
1
1
1
1
1
0
1
1
1
1
1
