990
120
338
251
899
481
238
7
516
387
472
68
56
418
94
931
378
728
454
28
967
337
833
527
693
10
959
986
73
65
225
719
5
213
849
874
679
619
424
430
234
325
648
436
655
485
984
354
375
723
147
541
636
663
667
822
838
890
491
157
410
281
399
65
791
644
225
490
612
296
8
938
649
90
694
835
419
979
385
890
388
602
575
266
736
982
262
730
99
66
926
597
90
795
537
85
916
145
899
800
950
313
613
365
981
361
179
875
4
222
366
226
911
815
433
504
628
799
695
542
300
252
4.0810363408402
0.169000303915834
120
1
1
0
0
1
1
1
1
1
1
1
0
1
1
1
1
1
1
1
1
1
1
1
0
1
1
1
1
1
1
0
1
0
1
1
1
0
1
0
1
1
1
0
1
1
1
0
1
1
1
0
1
1
1
0
1
1
1
1
0
1
1
1
1
0
1
1
0
1
1
1
1
1
1
1
0
1
1
1
0
0
1
1
1
1
0
1
1
1
1
0
1
1
1
0
1
1
1
1
1
0
1
0
1
1
1
1
1
1
1
1
1
1
1
1
1
0
1
1
1
