115
154
98
101
22
5
67
67
26
88
82
12
34
39
13
69
92
4
52
82
26
16
45
63
58
54
44
10
83
112
35
55
49
3
52
97
68
59
69
17
84
70
110
93
32
80
10
13
77
46
55
108
85
106
62
107
54
77
36
63
46
77
97
16
23
20
67
73
30
84
104
94
52
68
44
90
0
44
27
9
12
56
89
14
28
42
19
6
60
76
44
7
15
112
51
68
6
90
45
5
91
111
61
14
73
65
48
9
38
95
114
39
86
102
62
89
104
75
54
63
18
32
98
66
8
91
65
105
54
81
7
60
87
100
48
75
67
61
75
104
17
88
85
68
71
11
82
109
10
41
100
69
96
13
18
28
0.363197901044388
0.136288511022713
154
1
1
1
1
1
0
1
1
1
1
1
1
0
1
1
1
1
1
1
1
1
1
1
1
1
1
1
0
1
0
0
0
1
1
1
1
0
1
0
1
1
1
1
0
1
1
0
1
1
1
1
1
1
1
1
0
1
1
1
1
1
1
1
1
1
1
1
1
1
1
1
1
1
1
1
1
1
1
1
1
1
0
1
1
1
1
1
1
1
0
1
1
1
1
1
1
1
1
1
1
1
0
1
0
1
1
1
1
1
1
1
1
1
1
1
1
1
1
1
1
0
1
1
1
1
1
1
1
0
1
1
1
0
1
1
1
1
1
1
1
1
0
0
1
1
1
1
1
1
1
1
1
1
0
