182
102
25
38
100
47
128
172
118
94
82
143
14
55
173
124
44
109
1
80
4
40
180
143
166
83
124
140
27
122
42
57
169
149
163
141
45
32
76
94
80
15
130
23
56
66
115
17
151
27
95
39
169
47
53
51
71
137
132
37
121
166
96
164
84
33
91
168
136
58
105
138
91
42
167
88
124
11
50
42
140
93
23
115
122
45
149
29
116
165
142
15
139
166
24
35
123
143
165
55
128
54
51
104
4.84959808176284
0.0729895319158822
102
0
0
1
0
1
1
1
1
1
1
1
1
1
0
1
1
1
1
0
0
1
0
1
1
1
1
1
1
1
1
1
1
1
0
1
1
1
1
1
0
1
1
0
1
1
1
0
1
0
1
1
1
1
1
1
1
0
1
1
1
1
1
1
1
1
1
0
1
1
1
1
1
1
1
1
1
1
1
1
1
1
1
1
1
1
1
1
1
1
1
1
1
1
0
1
1
1
1
0
1
1
1
