584
110
262
164
248
574
360
229
571
106
505
344
35
150
82
569
283
180
568
332
252
3
243
23
532
33
83
88
323
411
566
319
345
325
48
182
88
111
545
60
171
128
96
136
23
30
30
108
530
342
236
251
479
500
245
275
456
354
10
568
330
318
143
124
284
411
305
333
237
414
452
88
174
577
105
518
448
571
384
28
420
264
90
28
462
135
553
223
141
474
473
92
135
414
216
73
183
55
194
305
532
335
312
480
3
123
496
544
403
257
101
475
7.14875890658437
0.221654576668522
110
1
1
1
1
1
1
0
1
0
1
1
1
1
1
0
1
1
1
1
1
1
1
0
1
0
1
1
1
0
0
1
1
1
1
1
1
1
1
1
1
1
1
1
1
1
1
1
1
1
1
1
1
1
1
0
1
1
1
1
0
0
1
1
0
1
1
1
1
1
1
1
1
0
1
1
1
1
1
1
1
1
1
1
1
1
0
1
1
0
1
0
1
0
1
0
1
0
0
1
1
1
1
1
1
0
1
1
0
1
1
