596
154
528
317
134
93
555
114
444
195
102
116
297
300
527
24
399
267
281
582
366
134
5
498
233
0
568
220
3
376
2
319
361
192
212
316
536
497
505
593
192
23
318
453
26
175
46
428
57
123
28
63
133
247
249
544
467
315
416
362
499
591
253
124
513
62
313
12
424
323
262
249
204
119
498
183
396
285
295
485
66
219
166
83
388
593
143
290
518
568
571
325
269
390
346
121
414
346
240
397
184
5
311
408
260
435
307
73
421
13
65
584
414
369
543
199
310
504
93
288
99
156
241
265
449
399
528
227
271
299
366
357
552
302
491
464
78
405
201
325
489
512
210
191
486
153
6
580
80
331
342
532
318
422
172
191
6.18123852367153
0.255583989400586
154
1
1
0
1
0
1
0
1
1
1
0
1
1
1
1
1
1
1
0
1
1
1
0
1
1
1
1
1
1
1
1
1
1
1
1
1
1
1
1
1
1
1
1
1
1
1
1
0
1
1
1
1
0
1
1
1
1
0
1
1
0
1
1
1
1
0
0
0
1
1
0
0
1
1
0
1
0
1
1
1
1
0
1
1
0
1
0
0
1
1
1
0
1
1
1
0
1
1
1
0
0
1
1
1
1
1
1
1
0
1
1
1
0
1
0
1
1
0
1
0
1
0
1
1
1
1
1
0
1
1
1
1
1
1
0
0
1
0
0
1
1
1
1
0
1
1
1
0
1
0
1
1
1
1
