208
170
139
34
33
197
83
178
15
18
109
112
151
126
143
207
63
196
111
37
146
71
58
111
89
158
137
168
194
105
119
50
55
55
37
180
111
147
15
33
14
96
116
109
192
150
95
184
44
55
205
95
43
34
16
95
43
40
206
56
93
131
151
157
190
171
118
39
189
135
134
122
190
41
53
191
99
25
183
61
187
87
30
38
43
187
108
66
157
60
168
41
121
40
138
155
63
48
123
38
38
190
134
76
82
184
152
60
175
202
18
114
112
188
13
191
0
91
98
109
192
122
179
181
141
84
12
167
144
124
188
24
174
157
18
104
151
106
106
24
86
146
158
121
39
34
22
22
97
31
132
50
191
16
27
198
130
126
174
176
12
156
116
47
138
28
89
53
206
114
60
139
4.30663115489579
0.308751876491295
170
1
0
1
0
1
1
0
0
0
1
0
1
1
1
1
1
0
0
0
1
0
1
1
0
1
1
1
1
1
1
1
1
1
0
1
0
0
0
0
1
1
1
0
0
1
1
1
1
1
1
0
1
0
1
1
0
0
1
1
0
1
0
0
1
1
0
1
0
1
1
1
1
0
1
1
1
1
1
0
1
1
0
1
1
1
1
1
0
1
1
1
1
1
1
1
1
1
1
1
1
1
1
0
0
1
0
1
1
0
1
1
0
1
1
0
1
1
0
1
0
1
1
0
1
1
1
1
0
1
1
0
0
0
1
1
1
1
0
1
1
1
1
1
1
1
0
1
1
1
1
0
1
1
1
1
0
1
1
1
1
1
1
0
1
0
1
0
0
1
0
