506
88
225
301
502
116
19
360
124
37
284
56
144
33
491
121
274
463
168
389
80
104
80
195
311
10
282
1
350
222
50
416
348
177
262
150
366
240
454
396
76
186
18
319
216
80
420
323
244
474
11
419
365
266
460
91
158
198
324
260
289
179
2
266
82
493
441
84
325
487
11
475
127
78
288
321
243
234
194
253
89
61
121
81
46
334
111
237
152
241
5.68745290298838
0.158912465992947
88
1
1
1
1
1
1
1
1
1
1
1
1
1
1
1
1
1
1
1
1
1
1
1
0
1
1
0
0
1
1
1
0
1
0
1
1
1
1
1
1
1
0
1
1
1
1
1
1
1
1
1
1
1
1
1
0
1
1
1
1
1
0
1
0
1
1
1
1
0
1
0
1
1
0
1
1
1
1
1
1
1
1
1
1
1
1
1
1
