510
190
14
24
247
192
451
60
221
396
309
49
411
221
404
327
333
442
191
321
209
177
197
172
222
233
441
268
400
273
459
214
129
73
138
366
311
176
164
62
311
118
282
117
43
303
486
123
190
186
210
320
2
229
222
255
6
296
222
354
295
367
455
436
249
202
11
472
434
406
438
167
492
473
182
89
72
79
222
452
177
15
486
252
88
236
391
407
410
247
325
437
286
457
131
449
371
28
5
284
359
263
477
278
39
307
71
503
55
161
9
316
336
231
197
24
122
281
144
67
230
304
507
318
502
358
479
152
140
259
339
240
428
464
473
29
253
288
63
388
425
66
482
103
154
93
253
145
294
410
453
361
262
329
477
251
482
429
348
476
257
141
470
330
192
191
482
140
227
233
133
344
283
434
387
473
125
288
408
483
308
475
467
172
99
184
191
448
344
445
84
313
6.30015007571711
0.113768913582471
190
1
1
1
0
1
1
1
1
1
1
1
1
1
1
1
1
1
0
1
1
1
1
1
1
1
1
1
1
1
1
1
1
1
1
1
1
0
1
1
1
1
1
0
1
1
1
1
1
1
1
1
1
1
1
1
1
1
1
1
1
1
1
1
1
1
1
1
1
1
1
0
0
1
1
1
1
1
1
0
1
1
1
1
1
1
0
1
1
1
0
1
1
1
1
1
1
1
1
1
0
1
1
1
1
1
0
1
0
1
1
1
1
1
1
1
1
1
0
1
0
1
1
1
0
1
1
1
1
1
1
0
1
1
1
0
1
1
1
1
1
1
1
1
1
1
0
1
1
1
1
1
1
0
1
1
1
0
1
1
1
1
1
1
1
1
1
1
1
1
1
1
1
1
1
1
0
1
0
1
1
1
1
1
1
1
1
1
1
0
1
