446
106
128
122
23
342
340
169
329
285
199
200
281
442
17
31
119
254
328
224
192
121
307
315
355
92
406
302
37
33
275
201
102
418
110
253
418
34
411
4
411
218
108
67
225
432
394
223
128
302
347
94
304
7
358
3
268
246
361
426
381
278
221
378
402
339
213
175
32
385
67
310
66
363
232
48
191
209
439
302
122
264
172
202
143
32
249
86
145
184
312
229
333
401
289
184
23
172
137
423
179
322
171
162
123
389
188
96
0.68161582815859
0.0214975970161601
106
1
1
1
1
1
1
1
1
1
1
1
1
1
1
1
1
1
1
1
1
1
1
0
1
1
1
1
1
1
1
1
1
1
1
1
1
1
1
1
1
1
1
1
1
1
1
1
1
1
1
1
1
1
1
1
1
1
1
1
1
1
1
1
1
1
1
1
1
1
1
1
1
1
1
1
1
1
1
1
1
1
1
1
1
1
1
1
1
1
1
1
1
1
1
1
1
1
1
1
1
1
1
1
1
1
1
