570
114
328
429
525
383
99
53
492
31
280
565
324
516
495
29
281
177
495
145
52
322
209
477
557
521
426
485
147
430
357
395
330
31
534
178
396
203
561
299
177
120
255
168
317
354
323
99
75
542
92
478
395
355
192
14
183
201
444
295
472
105
315
133
102
128
461
498
266
274
353
539
540
385
282
234
405
423
8
513
248
434
33
151
403
129
35
518
123
5
454
544
408
417
55
546
48
344
509
116
68
237
80
408
173
538
73
151
43
270
255
389
530
378
419
406
3.91876850582012
0.251322772151848
114
0
1
1
1
1
1
0
1
1
0
1
1
1
0
0
0
1
1
1
1
1
1
1
1
1
0
1
1
0
1
0
1
1
1
1
0
1
1
1
1
0
1
0
1
1
1
1
1
1
0
1
1
1
0
1
1
1
1
1
1
1
1
1
1
0
0
0
0
1
1
1
1
0
1
1
1
1
0
1
1
1
1
1
1
1
1
1
1
1
0
1
1
1
1
1
0
0
0
0
1
1
0
0
0
1
1
0
1
1
1
1
1
1
1
