155
108
98
4
82
57
112
21
79
7
136
90
127
131
9
148
34
128
4
34
36
148
69
134
77
74
58
104
122
137
97
34
70
65
107
149
74
114
68
70
140
18
139
37
96
15
16
83
76
62
25
103
45
113
70
153
101
85
103
138
147
82
14
66
47
109
0
23
105
3
89
130
117
66
66
115
57
89
50
90
29
49
103
121
22
26
100
37
75
12
98
9
85
141
10
31
44
149
69
2
135
10
109
66
36
36
135
99
125
27
7.23979868279681
0.354282806275675
108
1
1
1
1
1
1
1
0
1
1
1
1
0
1
1
0
1
1
1
0
1
0
1
0
1
1
1
1
1
1
1
0
1
1
1
0
0
0
0
1
1
1
0
1
1
0
0
1
1
1
0
0
1
1
1
1
1
1
0
1
1
1
1
1
1
0
1
1
1
0
1
1
1
1
1
0
1
1
0
1
1
0
1
0
0
1
0
0
0
1
1
1
1
1
0
1
1
1
0
1
1
1
0
1
0
1
0
1
