623
174
227
561
314
487
399
192
429
310
269
290
77
149
155
46
159
304
398
439
609
22
441
355
580
195
250
470
129
122
217
46
357
127
184
5
322
313
39
595
175
156
254
186
548
245
483
358
417
84
9
560
418
328
403
435
571
513
419
451
108
577
483
618
584
277
230
509
511
324
340
125
230
601
276
492
487
33
251
247
291
254
179
483
41
389
284
248
172
408
317
514
129
19
36
578
133
143
43
5
388
89
120
223
575
114
34
189
566
455
29
219
337
298
2
333
195
147
504
558
145
203
30
386
500
90
578
46
570
72
43
122
544
63
160
429
353
581
441
6
517
273
364
561
277
602
355
142
385
477
553
246
322
545
475
414
447
602
184
217
169
340
345
182
116
597
298
254
266
447
288
535
174
230
90
594
3.86431795660451
0.134634651316963
174
1
1
1
1
1
0
0
1
1
0
0
1
1
0
1
1
1
1
1
1
1
1
1
1
1
1
1
1
1
1
1
1
1
1
1
1
1
1
1
0
1
0
1
1
1
1
1
0
1
0
0
1
1
1
1
1
1
1
1
1
1
1
1
1
1
1
1
1
1
0
1
1
1
0
1
0
1
1
1
1
1
1
1
1
1
1
0
1
1
0
1
1
1
1
0
0
0
1
1
1
1
1
1
1
1
1
1
1
1
0
1
1
1
1
1
1
1
1
1
1
1
1
1
0
1
1
0
1
1
1
1
0
1
1
1
1
1
1
1
1
1
1
1
1
1
1
1
1
1
1
1
1
1
1
1
1
1
1
1
1
1
1
1
1
1
1
1
1
1
1
1
1
1
1
