203
118
79
66
64
0
184
111
198
106
126
127
70
76
59
52
48
64
110
36
105
29
203
5
43
37
32
42
124
161
188
160
191
64
46
37
28
32
82
155
175
157
127
60
15
183
36
135
65
17
63
107
167
183
6
58
54
190
145
129
127
6
0
121
65
40
176
1
178
193
116
109
119
87
77
41
85
19
156
198
70
3
130
148
163
57
8
46
150
70
136
21
132
80
111
141
50
188
181
155
153
172
137
113
22
109
147
152
203
58
134
170
83
110
202
162
38
153
24
163
0.485986317998551
0.318834120632126
118
1
1
0
0
1
0
1
1
1
1
1
1
0
1
1
1
1
1
1
1
1
1
0
0
1
0
1
0
1
1
1
0
1
1
1
1
1
1
0
1
0
1
1
1
1
0
1
1
0
1
1
0
0
1
0
0
1
1
1
1
0
1
1
1
1
0
1
0
1
1
0
0
1
1
1
0
1
1
1
1
1
0
1
1
0
0
1
1
1
0
0
1
0
1
1
1
1
0
0
0
0
0
0
1
0
0
1
1
0
1
1
1
1
1
0
1
1
1
