811
88
90
226
446
218
211
396
126
727
542
498
575
214
431
656
250
450
777
401
476
800
501
557
112
34
362
106
582
668
803
385
472
381
721
72
437
499
285
461
618
508
224
242
333
20
184
10
668
384
228
403
426
702
110
388
249
29
265
233
117
215
665
261
49
483
802
548
508
105
205
252
33
302
295
33
271
512
136
529
662
305
478
92
150
648
138
679
544
605
9.82905156382855
0.336282261750424
88
0
1
0
1
1
1
1
0
1
1
1
1
1
0
0
0
1
1
0
1
0
1
0
0
1
1
1
1
0
0
1
0
1
1
0
1
1
0
1
1
0
1
0
0
1
1
0
0
1
1
0
1
1
0
1
0
1
1
1
1
1
0
1
1
0
0
1
1
0
0
1
0
1
1
1
0
1
1
1
1
1
1
1
0
1
1
0
0
