596
174
419
541
127
510
125
253
240
338
494
555
526
35
480
259
4
546
540
29
161
194
557
500
453
485
121
320
367
431
313
349
157
314
295
61
341
489
222
22
157
3
353
438
299
146
509
303
433
557
141
60
347
453
139
462
510
103
13
363
102
551
284
43
193
66
187
531
30
225
459
59
5
133
7
342
32
397
236
124
549
105
112
200
582
369
262
513
575
265
108
162
30
375
431
405
425
173
227
232
87
327
217
35
450
260
375
170
118
247
473
352
261
10
8
297
40
172
322
46
449
262
441
111
84
323
414
551
416
216
83
579
478
401
219
8
432
38
173
544
120
525
149
47
157
357
329
304
120
35
570
91
493
588
410
162
558
182
491
345
469
134
428
270
452
395
5
154
71
157
512
500
42
225
550
114
9.49711321506503
0.077694182885087
174
1
1
1
1
1
1
1
1
1
1
1
1
1
1
1
1
1
1
1
1
1
1
0
1
1
1
1
1
1
1
1
1
1
1
1
1
1
1
1
1
1
0
1
1
1
1
1
1
1
1
1
1
1
1
1
1
1
1
1
1
1
1
1
1
1
1
1
1
1
1
1
1
0
0
1
1
1
1
1
1
1
1
1
1
1
1
1
1
1
1
1
1
1
1
1
1
0
1
1
1
1
1
1
1
1
1
1
1
1
1
1
1
1
1
1
1
0
1
1
1
1
1
1
1
1
1
1
1
1
1
1
1
1
1
1
1
1
1
1
1
1
1
1
1
1
1
1
1
1
1
1
1
1
1
1
1
1
0
1
1
1
1
1
1
1
1
1
1
0
1
1
1
1
1
