726
102
180
165
166
131
146
452
35
303
312
142
411
721
186
100
206
217
380
445
391
356
36
382
472
322
211
537
488
234
356
250
632
181
18
162
380
126
610
125
656
333
41
156
57
535
560
543
202
99
472
531
369
490
713
269
693
515
360
95
270
252
318
253
607
281
31
414
638
343
55
196
590
513
574
384
242
561
707
526
266
183
58
86
501
624
72
372
201
610
459
529
665
675
717
465
563
697
201
367
224
11
431
537
6.20095087046653
0.138121290465167
102
1
1
1
1
1
1
1
1
1
1
0
1
1
1
1
1
0
1
0
1
0
1
1
1
1
0
0
1
1
0
1
1
1
1
1
1
1
0
1
0
1
1
0
1
0
0
1
1
1
1
0
1
1
1
1
1
1
1
1
0
1
1
0
1
1
1
1
1
1
1
1
1
1
1
1
1
1
1
1
1
1
1
0
1
1
0
1
1
1
1
1
1
1
1
1
1
1
1
1
1
1
0
