545
100
229
342
257
304
282
143
40
410
29
536
214
240
324
248
242
490
132
12
95
377
512
268
335
395
299
130
291
99
527
163
54
25
411
166
414
171
202
201
14
178
496
3
542
90
482
384
165
492
379
430
356
200
524
400
389
412
70
150
541
504
541
20
348
366
315
125
248
201
200
440
231
65
528
226
157
47
300
520
387
123
99
351
409
65
373
202
349
86
348
89
174
391
294
500
441
261
419
336
425
130
3.20883466083167
0.263879165482113
100
1
1
1
1
0
0
1
0
0
1
1
1
1
1
1
0
1
1
1
0
1
0
1
1
1
1
0
1
0
1
0
0
1
0
1
1
1
1
0
1
1
1
1
1
1
1
1
1
1
1
0
1
1
1
1
1
0
1
1
1
1
0
1
1
0
1
1
1
1
1
1
1
0
0
1
0
1
1
0
1
1
1
1
0
1
0
1
1
1
1
0
0
0
1
1
1
0
0
1
1
