670
174
197
177
160
485
3
267
286
421
441
488
351
456
368
519
659
226
495
385
226
388
296
32
241
433
521
260
368
88
386
428
63
532
348
561
254
51
617
340
28
391
580
123
606
283
593
106
516
662
541
19
8
207
648
543
196
542
229
648
527
16
9
253
235
223
643
580
648
500
219
409
23
240
614
635
433
99
341
230
625
187
482
63
132
654
554
248
642
427
422
543
657
305
297
463
550
115
365
184
657
476
116
634
606
427
539
266
75
156
211
568
505
528
578
386
575
264
212
277
400
80
663
99
25
270
220
190
599
241
398
542
506
491
35
430
564
340
583
462
251
160
349
41
199
213
144
565
29
153
506
660
219
138
350
414
32
374
51
308
336
274
561
262
575
155
627
58
456
46
46
366
350
197
497
64
7.1376079105394
0.369272309438061
174
0
1
0
1
0
1
1
0
0
0
1
0
1
1
1
1
1
1
0
1
0
1
1
1
0
1
1
1
1
1
1
1
1
1
1
0
1
1
0
0
0
1
0
1
1
1
0
1
1
0
0
0
1
0
1
1
1
0
1
0
1
0
1
1
0
1
0
1
1
0
0
1
0
1
1
1
1
0
1
1
1
1
1
1
1
1
1
0
0
1
1
1
1
0
1
0
1
1
1
0
1
1
1
1
0
0
1
0
1
0
1
0
1
1
1
1
1
1
1
1
0
0
1
0
0
1
0
1
1
1
0
0
1
1
1
1
1
0
1
0
0
1
1
1
0
1
1
1
1
1
1
0
1
1
1
1
1
0
0
1
0
0
0
1
1
0
0
1
1
1
1
1
1
1
