667
130
592
529
271
477
514
525
467
633
140
576
569
16
536
22
14
373
109
566
237
197
458
536
488
210
25
456
21
400
531
237
410
521
488
559
448
277
233
556
184
494
223
615
649
594
506
411
531
374
120
25
438
187
254
35
508
418
626
529
373
636
119
164
319
352
10
451
583
216
190
548
297
333
88
635
128
645
277
314
105
171
467
430
483
203
524
166
71
653
239
253
385
186
533
423
176
388
40
171
376
638
34
44
427
503
458
590
68
357
323
407
513
542
360
53
110
369
487
65
588
195
353
126
322
603
380
240
280
410
46
550
4.76831807829682
0.124943973483056
130
1
1
1
1
1
1
1
1
1
1
1
1
1
1
1
0
0
1
1
1
1
1
1
1
1
1
1
1
1
1
1
1
1
1
1
1
1
1
1
1
1
0
1
1
1
0
1
0
1
1
1
1
0
1
1
1
1
1
1
1
1
1
1
0
1
1
1
1
1
1
1
1
0
1
1
1
1
1
1
1
1
1
1
1
0
1
1
1
1
0
1
1
1
0
1
1
1
1
1
1
1
1
1
1
1
0
1
1
1
0
1
1
1
1
1
1
0
1
1
1
1
1
0
1
1
0
1
1
1
1
