377
194
219
258
367
177
41
222
293
95
27
9
166
298
342
189
210
73
25
167
121
72
178
59
325
246
279
111
212
229
103
101
358
204
219
282
201
255
218
148
32
74
293
106
337
193
335
318
16
33
168
309
276
111
200
374
280
38
281
102
153
148
122
60
158
13
64
154
109
247
222
57
165
121
363
173
180
99
370
55
267
111
313
363
21
33
342
118
336
252
151
247
296
107
50
201
279
85
324
139
83
121
291
377
88
177
203
306
320
212
40
157
331
316
367
363
101
47
15
192
212
199
80
276
46
106
337
367
228
304
121
11
325
353
5
9
191
149
116
351
110
133
307
369
28
309
77
190
213
61
12
42
117
330
275
98
53
197
348
360
113
151
264
361
116
314
163
26
252
61
284
359
119
371
24
185
248
340
241
235
137
13
262
319
251
92
232
165
164
198
258
170
213
290
228
307
3.21030081384901
0.130516261572596
194
1
1
0
1
1
1
1
1
1
1
1
1
1
1
1
0
0
1
0
0
1
0
1
1
1
1
0
1
1
1
1
1
1
1
1
1
1
1
1
1
1
1
1
1
1
1
1
1
0
1
1
1
1
1
1
1
1
1
1
1
1
1
1
1
1
1
1
0
1
1
1
1
1
1
1
1
0
1
1
1
1
1
1
1
1
1
1
1
1
1
1
0
1
1
1
1
1
1
1
1
1
1
0
1
1
1
1
1
1
0
1
1
1
1
0
1
1
1
1
1
1
1
1
1
0
1
1
1
1
1
1
1
1
1
1
1
1
1
1
1
1
1
1
0
1
1
1
1
1
1
1
1
1
1
1
1
1
1
1
0
1
1
1
1
1
1
1
1
1
1
1
1
1
0
1
0
1
1
1
1
1
1
1
0
1
1
1
1
0
1
1
1
1
1
