163
158
12
22
24
85
76
4
77
43
64
94
115
101
58
113
27
48
24
6
52
33
125
60
1
161
101
45
96
72
111
23
78
76
94
68
145
120
76
83
146
108
156
7
28
45
110
40
76
159
136
146
62
130
60
110
90
80
78
29
85
51
93
32
15
37
109
75
115
147
37
74
20
91
134
118
74
103
71
39
96
54
28
105
51
13
80
0
17
73
13
115
64
73
110
145
96
84
80
20
16
133
87
114
97
151
4
31
1
69
148
118
159
129
128
37
16
96
0
53
104
29
27
77
161
52
86
99
2
77
63
139
12
82
34
17
142
26
128
79
129
144
5
126
79
11
84
22
78
12
128
154
106
123
120
153
133
64
72
97
4.82387666419327
0.377829970972347
158
1
1
1
0
1
1
1
1
1
1
0
0
1
1
0
1
1
0
1
1
1
1
1
1
0
1
1
0
0
0
1
0
1
1
0
0
1
1
0
0
0
1
0
0
1
1
0
0
0
0
1
1
1
1
1
1
0
1
1
0
1
1
0
1
1
1
1
1
1
1
1
1
0
0
0
1
0
1
1
1
0
1
1
1
1
1
1
1
1
1
0
1
1
0
1
1
0
1
1
1
0
1
0
1
0
0
0
1
1
1
1
1
0
0
1
0
1
0
0
0
0
1
0
0
1
0
0
1
0
0
1
1
0
1
1
1
1
0
0
1
1
0
1
1
1
1
0
0
1
0
0
0
0
1
0
1
0
0
