531
92
470
259
413
15
163
318
219
56
32
82
342
417
32
343
340
246
239
50
6
426
29
187
166
189
76
457
301
60
74
169
83
193
406
153
240
515
223
160
64
373
368
153
431
371
436
518
12
113
202
530
125
456
391
49
494
323
378
383
255
285
495
210
411
238
460
107
301
346
12
102
262
362
371
91
6
69
427
403
115
358
423
35
436
302
63
241
313
493
307
26
209
114
3.83671277375973
0.199245982079931
92
1
1
0
1
1
1
1
1
0
0
1
0
1
1
1
1
0
1
1
1
1
0
1
1
0
1
0
1
1
1
1
1
1
1
1
0
1
1
1
1
1
0
1
1
1
1
1
1
1
1
1
1
1
1
0
1
1
1
1
1
1
1
0
0
1
1
1
1
1
0
1
0
1
1
1
1
0
1
1
1
1
1
1
0
0
1
1
1
1
1
1
1
