812
172
152
808
562
137
573
795
12
590
782
0
700
719
646
539
783
762
46
731
752
38
357
273
717
326
644
327
781
387
639
202
268
129
366
708
671
391
224
691
19
808
78
688
726
579
421
259
660
361
410
264
623
416
812
477
621
110
809
603
607
595
665
623
750
209
21
304
183
264
231
435
563
446
101
21
207
780
389
570
144
555
175
747
522
331
362
785
514
23
108
239
307
540
753
194
627
24
711
636
773
249
397
419
388
260
391
561
70
288
277
57
598
180
183
122
644
653
667
97
231
391
707
131
520
161
793
143
451
235
805
152
479
541
11
739
91
791
597
35
643
684
774
260
312
508
299
692
368
551
418
787
564
649
530
711
264
108
19
558
374
342
628
429
572
25
150
491
706
594
601
207
558
674
3.90572001906069
0.300550173523475
172
1
0
1
0
1
0
0
1
1
0
1
1
1
1
1
1
1
1
1
1
0
0
1
1
1
1
1
1
1
1
1
0
1
1
1
1
1
0
1
1
0
1
0
1
1
0
1
1
1
0
1
0
1
1
0
0
0
1
1
1
1
1
0
0
1
1
0
1
1
1
1
1
0
1
1
1
1
1
1
1
1
0
0
1
0
0
0
1
1
1
1
0
1
1
1
1
0
0
1
1
1
1
1
1
1
1
0
1
1
1
0
0
1
0
1
0
1
1
1
1
1
0
1
1
1
0
1
1
1
1
0
0
0
0
1
1
1
1
1
1
0
0
0
1
1
1
0
1
0
0
1
0
1
1
1
0
0
1
0
1
1
0
1
0
0
1
1
0
0
1
0
1
