421
92
28
258
115
309
258
107
75
106
280
286
346
229
269
17
212
38
192
371
39
42
109
136
65
10
172
231
237
89
53
321
324
132
366
363
332
388
414
248
383
226
362
169
366
84
364
346
50
408
112
304
147
403
162
98
276
15
267
388
320
131
341
336
191
368
213
100
40
210
324
97
153
418
217
32
47
395
380
44
134
124
153
25
292
62
298
369
408
226
59
385
260
279
8.04109638111139
0.0269992999141825
92
1
1
1
1
1
1
1
1
1
1
1
1
1
1
1
1
1
1
1
1
1
1
1
1
1
1
1
1
1
1
1
1
1
1
1
1
0
1
1
1
1
1
1
1
1
1
1
1
1
1
1
1
1
1
1
1
1
1
1
0
1
1
1
1
1
1
1
1
1
1
0
1
1
1
1
1
1
1
1
1
1
1
1
1
1
1
1
1
1
1
1
1
