967
114
427
143
262
515
2
455
236
190
897
843
544
424
680
919
588
352
766
10
508
726
931
486
417
710
358
660
683
21
473
305
253
399
686
480
491
680
16
800
77
171
408
716
905
115
174
819
371
803
663
426
49
117
5
0
370
785
326
346
262
487
670
44
222
182
837
459
935
465
107
133
287
435
368
78
535
491
152
10
899
735
921
928
904
289
947
379
665
502
179
884
640
330
824
751
542
705
798
134
908
657
303
479
928
731
614
734
625
899
493
5
272
600
421
951
9.14699449934092
0.0042999399144771
114
1
1
1
1
1
1
1
1
1
1
1
1
1
1
1
1
1
1
1
1
1
1
1
1
1
1
1
1
1
1
1
1
1
1
1
1
1
1
1
1
1
1
1
1
1
1
1
1
1
1
1
1
1
1
1
1
0
1
1
1
1
1
1
1
1
1
1
1
1
1
1
1
1
1
1
1
1
1
1
1
1
1
1
1
1
1
1
1
1
1
1
1
1
1
1
1
1
1
1
1
1
1
1
1
1
1
1
1
1
1
1
1
1
1
