164
164
90
135
131
113
58
135
51
164
97
85
109
40
121
84
113
63
40
154
124
127
90
66
99
25
28
22
64
104
111
46
15
83
86
106
137
110
112
106
52
68
62
25
4
17
78
58
1
30
0
138
115
164
51
129
2
152
106
97
113
11
134
77
92
16
114
133
3
11
106
46
77
157
116
62
17
131
45
56
109
49
139
15
40
106
20
160
3
39
129
88
137
135
109
161
24
137
144
58
135
49
96
82
135
0
163
139
125
86
71
17
62
87
67
115
51
14
87
97
142
23
13
113
90
6
48
81
88
144
121
29
19
84
149
26
5
71
85
79
20
129
121
88
147
157
131
44
144
120
127
121
32
150
22
46
122
14
95
80
142
139
62
89
152
149
0.530733616398474
0.0114736626519163
164
1
1
1
1
1
1
1
1
0
1
1
1
1
1
1
1
1
1
1
1
1
1
1
1
1
1
1
1
1
1
1
1
1
1
1
1
1
1
1
1
1
1
1
1
1
1
1
1
1
1
1
1
1
1
1
1
1
1
1
1
0
1
1
1
1
1
1
1
1
1
1
1
1
1
1
1
1
1
1
1
1
1
1
1
1
1
1
1
1
1
1
1
1
1
1
1
1
1
1
1
1
1
1
1
1
1
1
1
1
1
1
1
1
1
1
1
1
1
1
1
1
1
1
1
1
1
1
1
1
1
1
1
1
1
1
1
1
1
1
1
1
1
1
1
1
1
1
1
1
1
1
1
1
1
1
1
1
1
1
1
1
1
1
1
