253
158
146
247
185
250
45
46
100
186
214
194
202
251
238
168
213
153
15
238
237
221
6
92
187
46
78
207
101
237
122
215
121
223
161
129
50
83
193
154
245
140
186
180
202
231
94
164
141
148
170
222
5
108
168
115
114
117
56
156
160
199
121
67
37
59
252
98
95
85
230
115
14
23
252
230
20
24
27
123
26
54
119
62
48
222
80
239
39
224
155
192
146
238
229
82
10
141
47
47
151
208
10
232
143
25
174
10
195
30
20
182
133
147
61
138
185
143
70
14
0
67
122
66
150
166
230
145
70
8
153
216
36
201
208
151
65
86
190
59
244
69
31
165
243
167
66
12
159
30
219
33
90
59
101
97
154
229
158
42
3.4137690079763
0.05015505739008
158
1
1
1
1
1
1
0
1
1
0
1
1
1
1
1
1
1
0
1
1
1
1
1
1
1
1
1
1
1
1
1
1
1
1
1
1
1
1
1
1
1
1
1
1
1
1
1
1
1
1
1
1
1
1
1
1
1
1
1
1
1
1
1
0
1
1
1
1
1
1
1
1
1
1
1
1
0
1
1
1
1
1
1
1
1
1
1
1
1
0
1
1
1
1
1
1
1
1
1
1
1
1
1
1
1
0
1
1
1
1
1
1
1
1
1
1
1
1
1
1
1
1
1
1
1
1
1
1
1
1
1
1
1
1
1
1
1
1
1
0
1
1
1
1
1
1
1
1
1
1
0
1
1
1
1
1
1
1
