399
154
184
70
239
387
330
129
240
10
145
46
257
5
284
27
265
47
232
325
165
312
240
45
327
111
287
313
329
355
271
161
250
306
358
103
5
357
207
366
283
191
299
296
325
338
324
337
297
116
288
223
49
268
57
113
96
337
224
40
289
144
124
121
85
42
174
302
82
363
367
108
54
329
185
215
35
179
86
379
389
346
305
43
219
140
150
231
149
331
251
235
110
384
165
74
256
100
164
52
132
170
271
191
343
379
43
213
343
293
360
31
271
115
324
73
253
351
190
141
227
6
50
197
286
350
82
167
211
34
43
54
219
44
68
54
306
259
41
168
273
47
163
42
52
127
165
79
15
35
209
398
142
180
99
369
6.63301673956713
0.228161669049826
154
1
1
1
1
1
1
1
1
1
1
1
1
1
1
1
1
1
1
1
1
1
1
1
0
1
1
1
1
1
1
1
1
1
1
1
1
1
1
1
1
0
0
0
1
1
1
1
1
1
0
1
1
0
1
1
1
1
1
1
1
1
1
1
1
0
1
0
1
1
1
1
1
0
1
1
0
1
0
1
1
1
1
0
1
1
1
1
1
1
1
1
1
1
0
1
1
0
1
1
0
0
1
1
1
1
1
1
1
1
1
1
0
1
1
0
1
1
1
1
1
1
0
0
1
1
1
1
1
1
0
0
1
0
1
1
0
1
1
0
1
0
1
1
1
1
1
0
1
1
1
1
1
1
0
