319
168
134
40
296
169
289
120
264
294
1
298
41
132
243
44
256
35
311
127
301
237
216
249
203
308
186
223
111
224
288
149
305
282
269
237
46
78
76
217
117
134
5
175
52
134
151
146
73
217
144
157
283
99
302
123
125
267
208
141
87
59
126
28
309
229
15
114
24
50
10
53
20
101
25
40
186
14
54
156
258
132
272
217
183
155
206
65
9
5
196
150
68
43
176
107
169
153
139
181
2
231
215
255
247
243
55
141
49
122
217
265
229
179
272
121
56
250
239
283
298
127
89
255
102
279
269
306
318
129
150
193
31
244
129
239
123
146
5
62
183
160
306
97
124
128
307
70
212
54
243
279
272
97
259
197
128
228
158
226
90
91
176
57
27
258
275
275
278
181
3.72432511798471
0.372164722863617
168
1
0
1
1
1
1
1
1
1
1
1
0
0
1
0
0
0
1
0
1
0
1
1
1
1
0
1
1
1
0
0
1
0
0
1
1
0
1
1
0
0
1
1
1
1
1
1
1
1
1
1
0
1
1
0
1
1
0
1
1
0
1
0
1
1
0
1
1
1
1
1
0
1
1
0
0
0
1
0
0
1
0
1
0
1
0
1
1
0
0
0
1
0
1
1
1
0
1
0
0
1
0
1
1
0
1
1
1
1
0
1
0
1
1
1
1
0
1
1
1
1
0
1
1
1
1
1
1
0
0
0
1
1
0
0
1
1
1
1
1
1
1
0
0
0
0
1
1
1
1
1
1
1
0
1
1
1
0
0
1
1
1
0
1
1
0
0
1
