678
198
642
363
573
583
270
674
62
285
37
252
276
621
447
270
368
563
180
468
618
350
379
671
500
653
225
447
538
524
239
583
623
211
294
285
567
94
592
436
607
228
51
626
514
480
126
578
669
95
391
203
572
636
196
392
344
579
167
73
151
85
651
599
336
501
636
13
437
163
567
151
0
179
449
125
177
131
275
355
165
159
674
347
265
216
286
313
403
409
164
105
609
128
575
22
500
190
348
525
333
621
375
328
588
529
358
489
157
580
529
133
653
232
151
278
292
520
163
301
626
643
309
187
298
516
514
403
77
132
287
517
191
520
468
71
348
463
286
389
32
80
102
523
307
678
117
89
526
104
640
573
470
20
321
538
555
264
161
456
247
573
87
211
51
657
391
151
520
367
574
474
532
277
307
596
302
456
465
532
220
177
446
609
75
363
667
323
111
100
410
108
445
168
390
347
474
548
164
655
1.87256007017187
0.22434778371268
198
0
0
1
1
0
0
1
1
1
0
1
1
1
1
1
1
1
1
0
1
1
1
0
1
1
1
0
1
1
1
1
1
0
1
1
1
1
0
1
1
1
1
1
1
1
1
1
1
0
1
0
1
1
1
1
0
1
1
1
0
1
0
1
0
1
1
1
1
0
1
1
1
1
1
1
1
1
0
0
1
1
1
1
1
1
1
1
1
1
1
1
1
1
1
1
1
1
0
1
0
1
0
0
1
0
1
1
0
1
1
1
1
1
1
1
0
1
1
1
1
1
1
1
1
1
0
0
1
1
1
1
0
1
1
1
1
0
0
1
1
1
1
0
1
1
1
1
1
1
1
0
1
0
1
0
1
0
1
1
1
1
1
1
0
1
1
0
0
0
0
0
0
1
1
1
1
1
0
1
0
1
1
1
1
1
1
1
1
1
0
1
1
1
1
1
1
1
1
