258
164
48
27
151
206
251
243
115
3
188
240
256
49
83
126
50
225
28
52
34
191
62
133
100
192
159
232
211
234
169
72
194
158
93
16
194
234
119
173
58
243
237
36
98
207
43
114
19
117
135
231
172
34
238
217
131
95
146
175
197
129
46
174
76
42
177
1
186
233
66
200
201
22
192
198
221
257
207
231
92
125
121
116
107
194
105
33
209
220
134
93
55
186
165
220
102
253
93
235
110
126
162
200
200
12
57
191
226
229
184
75
87
100
199
68
126
236
86
144
59
231
54
139
123
244
168
173
12
14
248
55
32
201
106
27
2
140
110
256
51
236
9
114
110
200
100
241
231
134
233
160
175
56
240
255
0
3
180
199
154
56
30
175
3
223
7.40614684463714
0.0931656600727926
164
1
1
1
1
1
1
1
1
1
1
1
1
1
1
1
1
1
1
1
1
1
1
1
1
1
1
1
1
1
1
1
1
1
1
1
1
1
1
0
1
1
1
1
1
1
1
0
0
1
1
1
1
1
1
1
1
1
1
1
1
0
1
1
1
1
1
1
1
1
0
1
1
1
1
1
1
1
1
1
1
1
1
1
1
1
1
1
0
1
1
1
1
1
1
1
1
1
1
1
1
0
1
1
1
1
1
1
1
1
1
1
1
1
1
1
1
0
1
1
1
1
1
1
1
1
1
1
1
1
1
1
1
1
1
1
1
1
1
0
1
1
1
1
0
1
1
1
1
1
1
1
1
1
1
1
1
1
1
1
1
1
0
1
0
