254
178
140
230
172
140
17
36
97
41
77
253
239
126
2
112
150
230
226
178
141
143
232
161
239
162
70
84
250
197
41
248
93
250
237
50
190
180
64
35
12
220
41
239
178
13
14
70
140
12
173
21
73
212
180
86
99
87
198
17
192
114
3
171
198
157
7
153
109
73
78
63
51
251
181
106
236
57
30
233
188
178
208
88
202
196
176
53
188
93
47
97
140
154
56
178
147
156
15
249
26
216
145
232
87
32
112
63
250
162
164
142
137
62
90
201
184
250
138
127
27
76
48
123
228
244
146
51
144
35
102
14
252
26
110
137
74
140
104
137
142
152
160
174
46
4
124
112
253
182
221
90
171
26
165
5
74
107
249
19
218
146
102
250
22
138
28
15
228
22
136
208
63
99
139
153
114
211
30
21
2.02485910054649
0.0542664647529639
178
1
1
1
1
1
1
1
1
1
1
1
1
1
1
1
1
1
1
1
1
1
1
1
0
1
1
1
1
1
1
1
1
1
1
1
1
1
1
1
1
0
1
1
1
1
1
1
1
1
1
1
0
1
1
1
1
1
1
0
1
1
1
1
1
1
1
1
1
1
1
1
1
1
1
1
1
1
1
1
1
1
1
1
1
1
1
0
1
1
1
1
1
1
1
1
0
1
1
1
1
1
1
1
1
1
1
1
1
1
1
1
1
1
1
1
1
1
1
1
1
1
1
1
1
0
1
1
1
1
1
1
0
1
1
1
1
1
1
1
1
1
1
1
1
1
1
1
1
1
1
1
1
1
1
0
1
1
1
1
1
1
1
1
1
1
1
1
1
0
1
1
1
1
1
1
1
1
1
