281
108
231
233
267
179
85
49
24
212
250
72
224
0
54
38
127
132
213
190
5
133
237
63
214
180
263
186
163
259
113
114
222
65
269
195
10
64
30
21
41
204
226
162
182
200
166
11
146
97
139
182
45
22
129
195
185
8
102
86
101
276
204
194
84
10
31
268
239
79
254
137
170
241
208
141
245
9
142
103
20
267
102
100
167
173
138
248
209
238
246
189
89
115
4
133
65
14
221
181
51
77
65
174
234
105
117
62
91
148
5.22570308122277
0.156887267724108
108
1
1
0
0
1
0
0
1
0
1
1
1
1
1
1
0
1
1
1
1
1
0
1
0
1
1
1
1
1
0
1
0
1
1
0
1
1
1
1
1
0
0
1
1
1
1
1
1
1
1
1
1
1
0
1
1
1
1
1
1
1
0
1
0
1
1
1
1
1
1
1
0
1
1
1
1
1
1
1
1
1
1
1
1
1
1
1
0
1
1
1
1
1
1
1
1
1
1
1
0
1
1
1
1
1
1
1
1
