852
174
431
58
226
532
389
524
669
440
843
435
708
25
112
273
551
67
125
260
722
212
102
801
650
585
202
92
553
613
300
403
200
343
313
116
719
451
666
717
131
791
208
717
722
139
672
208
448
476
86
439
405
620
833
651
475
380
615
200
542
361
265
773
2
693
792
294
295
60
118
269
92
215
152
818
217
637
287
702
387
339
623
357
473
590
6
372
306
280
569
841
786
151
732
730
92
152
611
443
558
139
644
421
485
435
711
495
723
766
54
534
852
682
635
478
754
168
239
360
672
684
338
235
692
563
274
115
272
230
772
398
481
771
72
467
256
162
48
169
330
849
478
441
686
255
519
326
89
662
391
615
747
673
757
339
250
152
562
225
487
616
362
713
455
839
336
413
497
162
219
106
264
736
458
709
7.16372567249002
0.217846500293854
174
1
1
1
1
0
1
1
1
1
0
1
1
1
1
1
0
1
0
1
1
0
0
0
1
1
1
1
1
1
0
1
1
1
1
1
1
0
1
0
0
0
1
0
1
1
1
1
1
1
1
1
0
1
1
1
1
1
1
1
1
1
1
1
1
1
1
1
1
1
1
1
1
0
0
0
1
1
1
1
1
0
0
1
1
1
0
0
0
0
0
1
1
1
1
0
1
1
1
1
1
1
0
1
1
1
1
1
1
1
1
1
1
1
1
1
0
1
0
1
1
0
1
0
1
1
1
1
1
1
1
1
1
1
1
1
1
1
1
0
1
1
1
1
1
1
0
1
1
1
0
1
0
1
1
1
0
1
1
1
1
1
0
0
0
1
1
1
1
1
0
1
1
1
1
