943
88
916
341
4
286
438
507
147
358
525
606
651
150
902
452
839
332
394
513
542
41
427
80
88
823
485
728
564
734
509
148
632
539
809
150
757
443
357
174
665
651
830
864
868
327
927
613
556
836
56
306
818
877
186
591
195
835
164
595
647
60
268
645
304
532
451
710
91
643
24
937
854
231
733
158
529
921
792
387
190
665
178
210
41
301
600
879
783
768
9.15090445904643
0.332874164550771
88
0
1
1
1
0
1
0
1
1
0
1
1
0
1
1
0
1
0
0
0
1
1
0
0
1
0
1
0
1
1
1
1
1
0
1
1
1
1
1
0
1
0
1
0
0
1
1
0
0
1
0
0
1
0
1
1
1
1
0
1
0
1
1
1
0
1
1
0
1
1
1
0
1
1
0
1
0
0
0
1
1
1
1
1
1
1
1
1
