908
120
264
416
701
829
523
774
569
880
383
676
404
788
614
415
117
653
737
665
754
895
459
502
512
612
728
686
546
485
178
294
169
783
726
391
80
871
440
13
670
576
741
423
562
538
392
267
780
37
648
39
800
846
2
171
315
3
522
45
261
217
811
269
444
768
43
760
391
650
41
422
291
623
893
155
53
7
96
144
468
48
890
798
581
630
324
92
844
265
219
422
835
556
375
858
636
745
827
250
841
538
696
621
409
468
315
756
806
599
25
183
32
446
26
471
710
277
637
548
851
639
7.91937682348508
0.256376746300809
120
1
1
1
1
1
1
0
0
0
1
1
1
1
0
1
1
0
1
0
1
1
1
0
1
1
1
0
1
1
1
1
1
0
0
1
1
1
1
1
1
1
1
1
1
1
1
0
1
1
0
1
0
1
1
1
1
0
1
1
1
1
1
1
1
0
1
1
1
1
1
1
1
0
1
1
1
1
1
0
0
1
1
1
1
1
1
1
1
0
1
1
0
1
1
1
1
1
1
1
0
0
0
1
1
1
1
1
1
1
1
0
0
0
1
0
1
1
1
1
0
