441
168
177
424
218
126
41
152
316
147
378
405
169
416
417
188
426
260
316
220
231
77
139
80
183
196
290
258
230
272
150
45
236
386
176
384
140
313
240
30
309
432
42
15
250
139
2
397
232
191
419
44
231
441
396
212
373
254
127
182
418
172
143
208
357
203
107
21
179
188
220
147
48
259
366
414
30
178
192
420
58
204
321
233
15
180
254
318
234
89
258
280
201
200
263
171
141
18
313
48
243
193
182
421
47
49
60
75
202
48
426
249
134
360
25
142
80
288
390
379
319
409
264
357
146
405
82
315
94
348
40
222
361
11
437
322
191
309
421
394
253
13
3
165
154
384
125
340
12
406
193
148
13
131
318
297
25
190
77
420
237
277
228
8
298
346
229
9
353
404
6.76473761142343
0.197857125030731
168
0
1
1
1
1
1
0
1
0
1
1
1
1
1
1
1
1
1
1
0
1
1
1
1
1
0
0
1
1
1
1
0
1
1
1
1
1
1
1
1
1
0
1
0
1
1
1
1
1
1
1
1
1
1
1
0
1
0
1
1
0
1
1
1
0
1
1
1
1
1
1
1
1
1
1
0
0
0
1
1
1
1
1
1
0
1
1
1
0
0
1
1
1
1
1
1
1
1
0
1
0
1
1
1
1
1
1
0
1
1
1
1
1
0
1
1
1
1
1
1
1
1
1
0
1
0
1
0
1
1
1
1
1
1
1
1
1
1
1
1
1
1
1
0
0
0
1
1
1
1
1
0
1
1
1
1
1
1
0
1
1
1
1
1
1
1
0
0
