172
108
89
103
129
44
170
96
59
134
1
101
82
3
126
134
82
37
88
139
46
166
47
49
73
81
162
52
57
23
172
54
2
54
156
48
9
74
114
154
55
131
18
142
86
153
27
64
163
157
78
61
53
164
45
27
120
149
150
27
19
82
131
153
155
110
11
144
50
156
165
42
136
16
83
59
1
116
89
77
57
85
148
71
1
129
104
14
17
67
170
156
48
82
156
57
171
59
26
139
132
18
3
9
153
84
57
127
92
39
7.67816531167177
0.0852834826824207
108
1
1
1
1
1
1
1
1
1
1
1
1
1
1
1
1
1
1
1
1
1
1
1
1
1
1
1
1
1
0
0
1
1
0
1
1
1
1
1
0
0
1
1
1
0
1
1
1
1
1
1
1
0
1
1
1
1
1
0
1
1
1
1
0
1
1
1
1
1
1
1
0
1
1
1
1
1
1
1
1
1
1
1
1
1
1
1
1
1
1
1
1
1
1
1
1
1
0
1
1
1
1
1
0
1
1
1
1
