435
132
353
57
141
178
180
338
296
46
394
96
321
110
52
170
280
383
308
268
196
93
118
274
281
32
216
176
395
239
232
70
179
333
150
401
179
232
150
211
318
84
14
241
19
90
59
385
182
198
68
25
318
323
278
18
66
163
375
249
418
163
414
403
284
235
373
105
305
137
154
225
291
344
393
201
377
428
408
126
91
429
184
190
101
91
42
80
116
11
138
121
153
179
396
172
177
322
187
251
42
374
349
306
240
353
295
261
255
390
130
33
411
77
67
107
386
308
265
154
250
222
245
266
412
329
427
304
39
336
260
302
433
81
5.35954340730003
0.097659604319435
132
1
1
0
0
1
1
1
0
1
1
1
0
1
1
1
1
1
0
1
1
1
1
1
1
1
1
1
1
1
0
0
1
1
1
1
1
1
1
1
0
1
0
0
1
1
1
1
1
1
1
1
1
1
1
1
1
1
1
1
1
1
1
1
1
0
1
1
1
1
1
1
1
1
1
1
1
1
1
1
1
1
1
1
1
1
1
1
1
1
1
1
1
1
1
1
1
1
1
1
1
1
1
1
1
1
1
1
1
1
1
1
1
1
1
0
1
1
1
1
1
1
0
1
1
0
1
0
1
1
0
1
1
