160
88
36
72
18
136
123
89
1
59
89
91
75
98
134
133
123
157
67
67
25
133
148
55
130
137
45
138
110
81
159
84
91
67
0
2
93
113
106
122
98
40
8
145
148
74
63
136
45
39
134
101
59
34
76
45
133
0
94
156
128
130
127
25
140
65
68
54
128
63
80
26
109
98
28
136
46
49
108
160
68
51
101
8
44
16
26
90
96
110
1.60976048015111
0.244357409252049
88
1
0
1
1
1
1
1
1
1
1
1
1
1
0
0
1
1
1
0
1
1
1
0
1
1
1
1
1
1
1
1
1
1
1
1
0
0
0
1
1
1
1
1
1
0
1
0
0
0
1
1
1
1
0
0
1
1
1
0
1
1
0
1
1
0
1
1
1
1
1
1
1
0
1
1
1
1
1
1
1
1
1
1
1
1
1
1
1
