634
98
92
239
301
350
335
41
28
306
233
179
69
489
202
75
502
73
507
19
550
168
193
437
64
365
556
165
224
565
561
159
167
342
325
124
210
30
502
281
249
167
163
626
387
301
263
470
284
429
587
193
188
364
475
14
481
383
227
486
115
188
15
234
535
125
490
238
602
418
150
584
530
550
406
587
309
508
184
177
297
203
632
132
533
588
121
252
599
338
507
626
128
348
111
356
522
315
20
420
9.64532336574698
0.0842631504334325
98
1
1
1
1
1
1
0
1
1
1
1
1
1
1
1
1
1
1
0
1
1
1
1
1
1
1
1
1
0
1
1
1
1
1
1
1
1
1
1
1
1
1
1
0
1
0
1
1
1
1
1
1
1
1
1
0
1
0
1
1
1
1
1
1
1
1
1
1
1
1
1
1
1
1
1
1
1
0
1
1
1
1
1
1
1
1
1
1
1
1
0
1
1
1
0
1
1
1
