795
134
393
553
263
543
54
163
224
93
312
209
554
128
387
686
336
242
572
591
108
558
485
153
126
11
772
185
634
408
624
237
244
262
419
191
246
36
420
789
756
754
76
376
32
762
438
651
142
770
773
529
399
787
609
360
289
483
39
163
400
259
421
752
151
790
254
566
495
675
498
667
653
577
338
596
175
701
718
169
21
174
684
263
719
710
582
206
361
61
521
199
503
590
40
772
231
303
481
658
632
738
455
66
751
210
613
582
573
658
459
548
243
753
422
633
577
790
784
501
514
374
283
128
705
382
615
669
518
303
780
134
57
42
351
791
8.10866830078954
0.241201434341621
134
1
1
1
0
1
0
1
1
1
1
0
1
1
0
1
1
1
1
1
1
1
0
0
1
1
1
0
0
0
0
1
1
1
1
1
1
1
1
1
1
1
1
0
1
1
1
1
1
1
1
0
0
1
1
1
1
1
1
1
1
1
0
1
0
0
0
1
1
1
1
1
1
1
1
0
1
1
1
1
0
1
0
1
1
1
1
1
0
0
1
1
0
0
1
0
1
1
1
1
0
1
1
1
0
0
1
1
1
1
1
1
1
1
1
1
1
0
1
0
1
1
1
1
0
1
1
1
1
1
1
1
1
1
1
