969
188
146
611
832
207
116
779
232
355
868
291
669
183
550
55
362
405
360
297
308
690
121
752
105
733
494
124
556
562
416
112
282
762
777
571
288
402
241
364
89
504
134
614
474
102
75
318
335
550
200
675
106
367
768
412
49
641
532
168
72
521
322
483
337
779
912
931
690
915
612
136
150
96
799
194
891
142
309
137
621
342
903
232
109
906
704
191
50
143
813
296
419
940
450
899
569
116
45
363
909
478
579
925
97
324
963
849
490
892
190
544
736
965
212
654
741
569
37
627
942
934
697
518
534
559
474
906
708
613
342
884
112
226
283
843
652
126
490
572
350
686
568
633
378
716
752
495
381
771
740
717
416
641
20
715
59
606
535
519
349
201
471
866
573
558
65
674
439
866
621
371
842
951
615
433
46
600
7
204
627
542
940
777
157
901
665
22
471
193
3.35165427222732
0.207784326433105
188
1
1
1
1
1
1
1
0
1
0
1
0
0
1
1
1
1
1
0
1
1
1
0
0
1
1
1
1
0
1
1
1
1
0
1
1
1
0
0
1
1
1
1
0
1
1
0
1
1
0
1
1
0
1
0
0
0
1
1
1
1
1
0
1
1
0
1
1
1
0
1
1
0
1
1
1
1
1
1
1
1
1
1
0
1
1
1
0
1
1
1
1
1
1
0
1
1
1
1
1
1
1
1
1
1
1
1
1
0
1
1
1
1
1
1
1
1
1
1
1
1
1
1
0
1
1
1
1
1
1
1
1
1
1
0
1
1
1
1
1
1
1
1
0
1
1
1
1
1
1
1
1
1
1
1
1
1
1
1
1
0
1
1
1
1
1
1
0
1
1
1
1
1
1
1
1
1
1
1
1
1
0
1
1
1
0
0
0
