618
182
460
303
108
147
43
395
439
204
482
112
74
254
468
428
484
266
464
511
237
302
169
525
259
143
47
319
63
500
339
261
49
462
124
591
320
485
534
487
445
78
549
39
472
55
567
100
65
308
228
236
115
419
21
315
578
542
426
221
119
21
201
423
271
401
320
18
430
525
499
368
307
20
243
215
610
252
488
96
28
493
314
599
200
195
229
265
465
258
165
386
344
442
554
153
307
412
242
138
9
604
65
303
165
406
538
15
432
167
435
616
433
545
472
479
48
481
321
132
469
408
558
215
528
272
405
390
100
310
590
547
556
490
562
459
493
490
278
333
321
278
243
577
353
350
184
73
545
83
424
14
246
585
346
228
344
429
113
91
245
220
497
274
364
39
570
319
159
445
93
152
296
39
286
463
463
259
501
159
396
535
251
147
1.46287369601991
0.0415879877425509
182
0
1
1
1
1
1
1
1
1
1
1
1
1
0
1
1
1
1
1
1
1
1
1
1
1
1
1
1
1
1
0
1
1
1
1
1
1
1
1
1
1
1
1
1
1
1
1
1
0
1
1
1
1
1
1
1
1
1
1
1
1
1
1
1
1
1
1
1
1
1
1
1
1
1
1
0
1
1
1
1
1
1
1
1
1
1
1
1
1
1
1
1
1
1
1
1
1
1
1
1
1
1
1
1
1
1
1
1
0
1
1
1
1
1
1
1
1
1
1
1
1
1
1
1
1
1
1
1
1
1
1
1
1
1
1
1
1
0
1
1
0
1
1
1
1
1
1
0
1
1
1
1
1
1
1
1
1
1
1
1
1
1
1
1
1
1
1
1
1
1
1
1
0
1
1
1
1
1
1
1
1
1
