700
158
577
496
298
16
71
227
71
176
68
259
111
447
637
27
496
139
329
39
270
492
604
691
544
386
266
488
110
391
338
290
598
640
287
565
696
233
102
161
647
447
471
270
153
459
587
367
190
202
252
410
420
86
640
190
476
572
167
103
38
222
191
496
575
106
630
1
374
21
180
443
378
598
347
29
447
566
344
164
680
412
138
391
236
688
259
188
601
194
59
604
487
97
245
115
99
655
595
51
560
136
284
343
626
690
272
318
391
471
195
545
413
492
688
97
535
423
575
12
28
221
474
293
368
647
359
178
429
578
385
78
562
686
39
245
320
257
507
56
373
273
268
271
534
59
500
48
533
497
664
408
292
121
116
367
383
64
529
687
8.3888300059905
0.2262319320234
158
1
0
1
1
1
0
1
0
0
0
1
1
1
1
1
1
1
1
1
1
1
1
1
0
1
1
0
1
1
0
0
1
1
1
1
1
1
0
1
1
1
1
1
1
1
1
1
1
1
0
1
0
0
1
1
1
0
1
1
1
1
1
1
1
1
1
1
1
1
0
1
1
1
0
1
0
0
1
1
1
1
1
1
1
0
1
1
0
1
1
0
1
1
1
0
0
1
1
1
1
0
1
1
1
0
1
1
1
0
1
1
0
1
1
1
1
1
0
1
1
0
1
1
1
0
1
1
1
0
0
1
1
1
1
0
1
1
1
1
1
1
0
1
1
0
1
1
1
1
1
1
1
1
0
1
1
1
1
