507
106
493
425
94
279
171
395
288
235
341
323
122
303
497
457
323
196
160
168
298
168
14
0
13
102
296
500
336
258
452
43
418
41
444
317
367
440
199
300
99
507
355
76
277
208
31
166
85
269
491
340
23
507
491
246
475
97
140
397
309
235
180
408
389
88
198
216
195
90
121
427
170
16
299
192
5
404
456
107
7
337
381
451
344
468
160
128
447
389
190
22
300
63
30
45
432
318
53
131
52
288
112
278
178
106
244
191
0.69944395117664
0.121684256159263
106
1
1
1
1
1
1
0
1
1
1
0
1
1
1
1
1
1
1
1
1
1
0
1
1
1
1
1
1
1
1
1
1
1
1
1
0
0
1
1
1
0
1
1
1
1
1
1
1
1
1
1
1
1
1
1
1
1
1
0
1
0
1
1
0
1
1
1
1
1
1
1
1
1
1
1
0
1
1
0
1
1
1
1
0
1
1
0
1
1
1
1
1
0
1
1
1
1
1
1
1
1
0
1
1
1
1
