566
190
529
395
316
425
535
159
476
419
48
519
110
361
51
122
387
185
509
53
209
285
54
287
540
553
386
201
371
108
369
324
11
104
49
27
285
542
532
470
509
425
38
107
204
376
476
249
282
108
198
376
34
518
312
399
32
390
375
347
312
521
465
366
268
222
245
355
95
477
533
12
381
517
318
200
136
52
110
22
518
113
84
433
499
392
427
448
169
192
192
235
273
130
410
292
515
530
127
14
171
182
123
124
341
108
209
546
62
368
477
517
450
446
273
260
100
535
468
146
198
125
390
69
196
236
217
544
207
258
170
53
319
88
268
344
115
425
330
326
46
97
409
461
544
386
503
442
542
549
405
288
425
117
380
315
347
341
151
339
218
393
185
59
34
443
514
28
551
165
102
157
77
230
356
194
414
556
363
266
116
227
418
410
305
394
331
419
19
242
253
8
4.13964050118394
0.00497130221490769
190
1
1
1
1
1
1
1
1
1
1
1
1
1
1
1
1
1
1
1
1
1
1
1
1
1
1
1
1
1
1
1
1
1
1
1
1
1
1
1
1
1
1
1
1
1
1
1
1
1
1
1
1
1
1
1
1
1
1
1
1
1
1
1
1
1
1
1
1
1
1
1
1
1
1
1
1
1
1
1
1
1
1
1
1
1
1
1
1
1
1
1
1
1
1
1
1
1
1
1
1
1
1
1
1
1
1
1
1
1
1
1
1
1
1
1
1
1
1
1
1
1
1
1
1
1
1
1
1
1
1
1
1
1
1
1
1
1
1
1
1
1
1
1
1
1
1
1
1
1
1
1
1
1
1
1
1
1
1
1
1
1
1
1
1
1
1
1
1
1
1
1
1
1
1
1
1
1
1
1
1
1
1
1
1
1
1
1
1
1
1
