565
94
58
432
459
390
314
192
119
250
224
214
428
457
468
70
342
512
527
219
386
332
235
348
287
83
24
357
105
559
451
9
262
259
437
536
225
5
242
279
194
281
563
332
113
60
455
307
227
375
3
365
54
477
542
297
9
489
564
182
538
79
340
323
77
365
358
165
526
169
197
144
313
199
128
307
281
106
167
564
305
521
490
356
296
404
17
42
199
189
1
472
52
239
11
397
2.87563008649376
0.0024747488947817
94
1
1
1
1
1
1
1
1
1
1
1
1
1
1
1
1
1
1
1
1
1
1
1
1
1
1
1
1
1
1
1
1
1
1
1
1
1
1
1
1
1
1
1
1
1
1
1
1
1
1
1
1
1
1
1
1
1
1
1
1
1
1
1
1
1
1
1
1
1
1
1
1
1
1
1
1
1
1
1
1
1
1
1
1
1
1
1
1
1
1
1
1
1
1
