398
114
229
240
149
169
41
54
273
170
249
307
176
17
274
26
273
0
378
268
150
167
42
229
162
127
322
227
302
172
171
124
375
271
321
235
77
284
68
353
253
180
150
311
62
102
298
8
130
264
123
66
241
253
118
166
197
184
372
205
8
195
396
311
119
2
63
278
13
140
382
133
116
95
76
162
102
70
62
125
282
60
211
344
247
16
82
117
119
74
70
298
338
370
188
203
149
262
279
292
208
206
100
303
47
67
225
62
35
126
59
292
35
274
183
95
0.0489376138280839
0.186628968395098
114
1
1
1
1
1
1
1
0
1
1
1
1
1
1
1
1
1
1
1
1
1
0
0
1
1
1
1
1
1
0
1
1
1
1
1
1
1
1
0
1
1
0
1
1
1
1
1
1
0
1
0
1
1
1
1
1
1
1
1
1
1
1
0
0
0
1
1
1
0
1
0
1
1
0
1
0
1
1
1
1
1
1
1
1
1
1
1
1
1
0
1
1
1
1
0
1
1
0
1
1
1
1
1
0
1
0
0
1
1
1
0
1
1
1
