549
166
382
307
475
179
384
515
517
424
507
354
284
549
211
50
476
44
410
96
29
15
536
370
180
352
357
476
455
151
221
461
278
171
349
501
495
89
445
0
152
324
343
384
344
57
315
477
522
169
22
102
29
439
26
413
465
88
62
169
284
70
83
252
52
182
240
98
432
142
36
418
122
166
84
491
516
377
418
493
11
114
177
87
397
295
245
118
299
485
113
121
277
483
485
401
112
415
354
32
415
255
146
389
268
527
229
548
83
291
352
331
338
234
239
525
525
262
189
345
465
465
395
519
445
144
413
323
217
313
474
9
211
56
452
443
8
539
498
152
187
414
31
533
291
408
284
363
413
3
29
304
487
291
307
338
539
99
38
34
283
486
434
401
416
280
275
43
5.61343817555551
0.369467311907233
166
1
0
0
0
1
1
1
1
1
0
0
0
0
0
0
1
0
0
1
0
1
1
1
1
1
0
0
0
1
0
0
0
0
0
1
0
0
1
0
0
1
0
0
1
0
1
1
1
1
1
0
1
1
1
0
1
0
1
1
1
1
0
1
1
0
1
1
1
1
1
1
1
0
1
1
1
0
1
1
1
1
1
0
1
0
0
0
0
1
1
0
1
0
1
1
1
1
0
1
1
0
0
1
1
1
0
0
0
1
1
1
1
1
1
1
1
1
1
1
1
1
0
1
1
1
1
0
1
1
1
0
0
1
0
1
0
0
0
0
1
1
1
1
1
1
0
1
1
0
1
1
0
0
0
0
0
1
0
1
1
0
1
0
1
1
1
