836
140
781
695
595
505
496
230
475
90
704
433
187
348
354
707
72
522
572
262
571
476
693
632
490
533
778
419
743
410
453
34
461
265
11
595
89
680
500
737
778
447
506
777
442
808
251
246
810
650
624
202
627
228
759
836
685
335
682
227
362
300
125
49
520
598
31
455
454
768
485
56
236
205
76
778
552
393
441
15
601
107
291
173
314
169
484
155
675
551
13
488
34
57
759
56
309
132
410
544
326
718
602
131
246
98
364
753
374
762
795
71
528
785
121
118
54
566
447
535
27
711
164
429
611
110
501
582
432
719
184
384
240
551
117
445
72
560
124
639
484
826
2.7319899445105
0.175352377581936
140
0
1
0
1
1
1
1
1
1
1
1
1
0
1
1
1
0
1
1
0
1
0
1
1
1
1
0
1
1
1
1
0
1
0
0
1
1
0
1
1
1
0
1
0
1
1
0
1
1
1
0
1
1
1
0
1
1
0
0
1
1
1
1
0
0
1
1
1
1
1
1
1
1
1
1
1
1
1
1
1
1
1
0
1
1
1
1
1
1
1
1
1
1
1
1
1
0
1
1
1
1
1
1
1
1
1
1
1
1
1
1
1
0
1
1
1
1
1
1
0
1
1
0
1
1
1
1
1
1
0
0
1
1
1
1
0
0
1
0
1
