865
126
124
235
168
756
838
771
339
850
850
74
345
733
730
264
364
661
581
528
384
641
608
707
547
706
290
235
255
309
735
418
692
336
861
141
439
650
680
86
672
205
74
733
662
53
290
437
11
136
190
507
559
194
80
655
236
792
350
407
138
303
91
368
304
385
234
399
458
472
514
153
817
462
115
857
406
466
262
582
213
305
364
319
316
323
477
367
252
259
676
28
372
211
433
197
461
426
482
77
587
217
322
244
561
496
33
656
636
93
309
119
125
810
424
331
211
467
836
757
391
271
687
523
817
422
738
740
4.77412733787244
0.266779380790032
126
0
1
1
1
1
1
1
1
0
1
1
1
1
0
0
0
0
1
0
0
1
1
1
1
1
1
1
0
1
1
0
1
1
1
1
1
1
0
0
1
0
0
0
0
1
1
1
1
0
1
1
1
1
0
1
0
1
1
0
0
1
1
1
1
1
1
1
1
1
1
1
0
1
0
0
1
0
1
1
1
1
1
0
1
0
1
1
0
1
1
0
1
1
1
1
1
1
0
1
1
1
0
1
0
0
1
1
1
1
1
1
1
0
1
1
1
1
0
1
1
1
0
1
0
1
0
