879
200
692
633
196
303
699
179
471
209
732
281
189
310
295
533
848
678
641
521
865
405
849
645
191
418
537
425
723
724
38
863
365
582
531
512
126
782
357
229
25
659
30
158
839
479
114
856
619
552
153
532
579
267
740
95
182
339
460
113
448
730
380
583
28
266
410
249
651
625
817
309
783
619
267
825
382
261
590
311
322
112
497
825
520
594
417
809
587
345
100
483
756
52
373
675
556
595
284
491
139
480
445
326
546
487
264
731
329
185
150
126
90
507
349
603
52
757
768
617
580
185
553
817
809
582
782
644
31
558
132
168
588
779
485
859
479
371
287
54
833
10
868
208
390
776
81
811
379
136
111
213
493
434
757
602
451
463
279
606
183
534
17
654
625
686
663
35
852
276
29
341
457
372
815
287
25
14
76
419
416
215
723
22
873
350
537
335
39
765
558
798
308
689
591
435
729
3
573
87
224
239
4.6570093153299
0.138924925727284
200
0
1
1
1
1
0
1
1
1
1
1
1
1
0
1
1
1
1
1
1
1
1
1
1
1
1
1
0
1
1
1
1
1
1
1
1
1
1
1
1
1
1
1
1
1
1
1
1
1
1
1
1
1
1
0
1
1
1
1
1
0
0
1
1
1
1
1
1
1
1
1
1
1
1
1
1
0
1
1
1
0
0
1
1
1
1
1
1
1
1
1
1
0
1
1
0
1
1
1
1
1
1
1
1
0
1
1
1
1
1
1
1
1
1
1
1
1
1
0
1
1
1
1
1
1
0
1
1
1
1
0
1
1
0
1
1
1
1
1
1
1
1
1
1
1
1
1
0
1
1
0
1
1
1
1
1
1
1
1
1
1
1
1
0
0
0
0
1
0
1
1
1
1
1
1
1
1
1
1
1
0
1
1
1
0
1
0
1
1
0
1
1
1
1
1
1
0
0
1
1
