880
170
715
715
169
245
202
79
430
765
50
870
374
331
213
822
542
548
670
262
510
482
776
187
244
47
343
835
297
16
80
192
47
209
475
569
792
362
407
666
242
538
44
75
2
734
405
516
742
547
79
491
474
834
774
26
521
485
455
174
796
339
347
590
82
814
819
424
625
719
508
85
3
326
224
260
205
265
586
623
42
248
860
39
152
113
144
194
169
518
840
759
555
835
743
736
451
209
32
241
790
529
269
307
186
311
413
730
477
367
290
691
367
554
82
413
775
789
655
189
586
448
849
29
408
877
837
546
602
352
139
746
623
94
322
761
286
94
118
414
878
507
178
200
74
51
825
471
620
399
819
220
689
410
856
560
240
854
645
676
585
331
395
100
633
336
282
202
178
271
238
182
1.14922284037883
0.0868370119323767
170
1
1
1
1
1
1
1
1
1
1
1
1
1
1
1
1
1
1
1
1
1
1
1
1
1
1
1
1
0
1
1
1
1
0
1
1
1
1
1
1
0
1
1
1
1
1
1
1
1
1
1
1
1
1
1
0
1
1
1
1
1
1
1
1
1
1
1
0
1
1
1
1
0
1
1
1
1
1
1
1
1
1
1
1
1
1
1
1
1
1
1
1
1
1
1
1
1
0
1
1
1
1
1
1
0
0
1
1
1
1
1
1
1
1
1
1
1
0
1
1
1
1
0
1
1
1
1
1
1
0
1
0
1
1
1
1
1
1
0
1
1
1
1
1
1
1
1
1
1
1
1
0
1
1
1
1
1
1
1
1
1
1
1
1
1
1
0
1
1
0
