854
114
414
404
166
603
635
812
650
466
826
366
364
379
265
791
456
746
445
274
695
811
5
580
751
815
276
704
690
847
416
401
92
209
373
737
269
482
444
473
177
660
197
466
173
446
634
475
679
224
491
216
492
851
194
252
842
323
151
501
118
613
398
267
199
434
269
798
751
739
216
110
671
413
459
224
290
672
776
269
676
183
317
819
116
369
248
662
770
329
320
293
31
368
630
848
443
152
758
292
726
828
83
646
821
643
387
264
384
106
81
199
335
156
187
335
2.97498358860198
0.237631042244148
114
0
1
1
1
1
1
1
1
0
1
1
0
1
0
0
1
1
1
1
0
1
0
1
0
1
1
1
0
1
1
1
0
0
0
1
1
1
0
1
0
1
0
0
1
1
1
1
1
1
1
1
1
1
1
0
1
1
0
1
1
1
1
0
0
1
1
1
1
0
1
1
1
1
1
1
1
1
1
1
1
1
1
1
1
1
1
0
0
0
1
1
0
1
0
1
1
1
1
1
1
1
1
1
1
0
1
1
1
0
1
1
0
0
1
