664
140
401
101
652
514
530
500
291
286
28
73
427
287
623
219
544
425
0
628
521
162
17
214
187
556
230
640
350
419
390
559
583
296
33
415
596
585
499
71
383
256
159
1
410
171
182
390
6
474
461
354
113
77
53
52
191
313
285
581
418
434
92
116
314
339
34
68
286
86
482
606
472
544
91
133
171
412
576
507
332
446
83
649
514
652
22
266
431
49
147
450
628
274
321
168
336
61
225
62
149
73
466
137
220
356
95
580
593
408
274
248
361
583
373
548
4
430
414
623
255
522
564
155
359
365
175
289
500
286
357
104
443
561
638
501
228
111
475
367
412
526
2.13126224925481
0.173422827504136
140
1
1
0
1
1
1
1
1
1
0
1
1
1
1
1
1
1
1
1
1
1
1
1
1
1
1
1
1
0
1
1
1
1
0
1
1
0
1
1
1
0
0
1
1
0
1
1
1
0
1
1
1
1
1
0
0
1
1
1
1
1
1
1
1
1
0
1
1
0
1
1
1
1
0
1
0
1
1
1
0
1
1
1
1
1
1
1
1
1
1
1
1
1
1
0
1
1
0
1
1
1
1
1
1
1
1
0
1
1
1
1
1
1
1
0
0
1
1
0
0
1
1
1
1
1
1
1
1
1
1
1
1
1
1
1
1
1
1
1
1
