329
160
54
262
76
87
197
13
296
67
10
222
256
99
233
173
7
86
168
292
68
176
327
304
104
194
176
220
310
105
295
41
317
27
72
216
129
59
260
207
227
93
215
91
41
181
12
204
209
35
94
235
205
284
290
104
299
103
268
211
295
146
257
126
310
223
98
67
148
144
179
0
310
9
207
83
46
301
258
218
304
159
235
20
301
168
256
177
209
48
124
19
151
65
245
82
256
53
252
188
156
98
200
303
10
284
122
142
286
81
255
191
319
113
287
82
76
115
98
168
18
139
110
261
25
152
170
70
124
232
203
204
239
154
136
28
159
267
287
160
99
316
107
134
110
78
296
102
206
125
314
131
293
205
75
129
318
181
229
211
7
51
8.66118105998064
0.0986069950263987
160
1
0
1
1
1
1
1
1
1
1
1
1
1
1
0
1
1
1
1
1
1
1
1
1
1
1
1
1
1
1
1
1
1
1
1
1
1
1
1
1
1
1
1
1
1
1
1
1
1
1
1
1
1
1
1
1
1
1
1
1
1
1
1
1
1
1
1
1
1
1
1
1
1
0
1
1
1
1
1
1
1
1
1
1
1
1
1
1
1
1
1
1
1
1
1
1
1
1
1
1
1
1
0
0
0
1
1
1
0
1
1
1
1
1
1
1
1
1
0
1
1
1
1
1
1
1
1
1
1
1
1
1
1
1
1
1
1
1
1
1
1
1
1
1
1
1
1
1
1
1
1
1
0
1
0
1
1
1
0
1
