977
112
466
256
193
713
482
266
458
839
566
570
54
15
569
672
920
619
180
167
583
730
761
821
789
901
798
906
701
65
235
486
623
116
734
246
735
651
362
42
304
577
741
698
87
972
756
805
112
884
240
603
679
399
913
683
500
444
738
318
732
759
3
485
872
217
259
117
573
640
384
387
812
244
650
379
16
478
524
572
680
851
19
819
437
573
677
118
100
772
58
173
650
601
871
476
540
480
474
272
655
644
839
597
268
254
520
445
144
881
928
365
884
847
7.39742350286658
0.135894558102964
112
1
1
1
1
1
1
1
1
1
1
1
1
1
0
1
1
1
1
1
1
1
1
1
1
1
1
1
1
1
1
1
1
1
1
1
1
1
1
1
1
1
1
1
1
0
0
1
1
1
0
1
1
1
1
1
1
1
1
1
1
1
1
1
1
0
1
0
1
1
1
1
1
1
1
1
1
0
1
1
1
1
1
0
1
1
0
1
1
1
1
1
1
1
1
1
1
1
1
1
1
1
1
0
1
1
1
0
0
1
1
1
1
