550
130
325
229
328
113
316
490
383
366
429
229
229
452
73
407
534
517
188
102
212
155
396
405
437
333
389
434
75
349
458
166
493
510
116
96
80
541
322
399
278
311
74
117
416
72
108
142
62
158
374
188
533
206
484
223
300
145
318
269
217
213
389
267
177
174
512
60
412
191
387
74
527
11
77
488
515
321
432
532
180
378
96
235
350
506
495
124
213
35
205
38
470
412
481
160
38
382
164
457
373
429
91
141
30
90
60
230
537
323
289
197
373
511
298
255
53
415
55
400
57
316
532
485
299
239
499
30
313
321
502
305
6.45502922351413
0.283998750369729
130
1
1
1
1
1
0
1
0
1
0
1
1
1
1
1
0
0
0
0
0
0
1
1
1
1
0
1
1
0
0
1
1
0
1
1
1
1
1
1
0
1
0
1
1
0
1
1
0
0
0
0
1
0
0
1
1
1
0
1
1
1
1
1
1
1
1
1
1
1
1
0
0
0
1
1
0
0
1
0
1
1
1
1
0
1
1
1
0
1
0
1
1
1
1
0
1
1
0
0
1
1
1
1
1
1
0
0
1
1
1
0
0
1
1
1
1
1
0
0
0
1
1
1
0
1
0
1
1
1
1
