627
192
0
241
194
529
43
113
559
310
470
531
64
547
352
198
569
50
50
286
427
161
509
22
617
567
362
545
442
493
74
362
460
182
8
63
21
343
129
567
232
609
280
228
459
525
432
210
217
90
424
226
270
123
112
205
23
607
626
500
575
380
548
36
589
122
262
12
2
550
288
137
131
66
43
521
84
254
153
271
28
148
30
362
323
368
195
416
85
235
582
255
384
560
98
140
38
107
586
418
48
375
377
610
279
60
598
545
57
459
482
293
85
360
439
23
27
48
477
155
418
590
88
115
226
126
240
555
125
142
238
127
141
79
421
573
416
546
31
136
42
273
526
528
267
202
377
481
44
528
159
288
223
246
315
493
50
198
27
323
48
596
347
343
538
443
611
256
6
508
306
371
115
585
375
59
8
344
261
514
624
41
439
467
1
558
546
535
456
293
147
223
164
325
8.1771699730711
0.0117554335802902
192
1
1
1
1
1
1
1
1
1
1
1
1
1
1
1
1
1
1
1
1
1
1
1
1
1
1
1
1
1
1
1
1
1
1
1
1
1
1
1
1
1
0
1
1
1
1
1
1
1
1
1
1
1
1
1
1
1
1
1
1
1
1
1
1
1
1
1
1
1
1
1
1
1
1
1
1
1
1
1
1
1
1
1
1
1
1
1
1
1
1
1
1
1
1
1
1
1
1
1
1
1
1
1
1
1
1
1
1
1
1
1
1
1
1
1
0
1
1
0
1
1
1
1
1
1
1
1
1
1
1
1
1
1
1
1
1
1
1
1
1
1
1
1
1
1
1
1
1
0
1
1
1
1
1
1
1
1
1
1
1
1
1
1
1
1
1
1
1
1
1
1
1
1
0
1
1
1
1
1
1
1
1
1
1
1
1
1
1
1
1
1
1
