439
188
261
420
303
177
297
388
92
134
436
382
65
3
25
408
209
24
314
417
429
196
252
125
343
417
40
302
3
290
189
212
259
24
68
53
154
105
6
71
111
299
220
231
307
103
333
418
428
285
195
378
305
128
334
384
336
193
54
214
222
306
99
186
212
58
132
356
121
9
104
401
396
169
102
64
267
188
28
259
168
404
375
78
79
109
313
32
28
336
312
296
15
372
420
24
62
333
293
64
235
137
136
101
112
171
404
393
223
81
155
134
353
260
130
275
4
205
140
153
392
248
392
207
315
183
173
94
142
400
403
99
38
127
154
58
391
88
312
402
224
22
155
363
86
73
359
396
236
386
411
158
399
155
193
423
165
383
243
370
404
158
261
281
185
37
387
140
67
386
417
309
2
121
399
223
121
322
421
400
2
270
433
188
93
240
68
252
108
30
0.00144702999352431
0.160976453343793
188
1
1
1
1
1
1
0
1
1
0
1
1
1
1
1
1
1
1
1
1
1
1
1
0
0
1
1
1
1
1
1
1
1
1
1
1
0
0
1
0
1
1
1
1
1
0
1
1
1
1
1
1
1
1
1
1
1
1
1
1
1
1
1
1
1
1
1
0
1
1
0
1
1
1
1
1
1
0
1
0
1
1
1
1
1
1
1
1
1
1
0
1
1
0
1
1
1
1
1
1
1
1
1
1
1
1
1
1
1
1
1
1
1
1
1
1
1
1
1
1
1
1
1
1
1
0
1
1
1
1
1
1
0
0
1
1
1
0
0
1
1
1
1
1
0
1
1
1
1
1
0
1
1
1
1
1
1
1
1
1
1
1
1
1
1
1
1
1
0
1
1
1
1
1
1
1
1
1
1
1
1
1
1
1
1
1
1
1
