689
80
573
550
239
205
594
515
217
264
528
48
504
481
230
313
408
54
286
308
655
292
105
399
35
689
6
7
629
84
461
306
610
626
591
104
52
448
284
564
63
78
499
115
229
7
199
178
158
78
416
627
430
626
402
539
379
396
543
294
368
274
185
333
98
144
418
355
602
578
686
133
194
476
81
355
126
188
514
484
141
108
3.538447514588
0.359236175536573
80
0
1
0
1
1
1
0
1
1
1
0
1
1
1
1
1
0
0
0
1
1
0
1
0
1
1
1
1
0
0
0
0
0
1
0
1
1
1
1
1
0
1
1
0
0
1
1
0
0
0
1
1
1
0
1
0
1
1
1
1
1
1
1
1
1
1
1
0
1
0
1
0
0
0
1
1
1
1
0
1
