957
130
48
917
594
491
812
518
436
783
339
897
545
371
905
823
488
15
71
313
692
80
373
318
513
815
356
943
349
425
128
489
175
843
119
58
33
545
459
302
398
815
677
16
38
132
458
587
393
57
518
814
389
432
111
211
225
896
518
935
145
328
477
920
513
63
650
630
404
691
23
301
579
788
907
443
24
89
659
326
89
0
444
451
738
590
3
556
834
607
172
625
422
668
880
913
44
433
854
326
62
25
396
828
687
170
858
164
7
770
372
523
252
639
303
367
873
216
385
571
669
236
451
933
154
823
503
170
349
707
544
581
5.55507856656573
0.069786592519203
130
1
1
1
1
1
1
0
1
1
1
1
1
1
1
1
1
1
1
1
1
1
1
1
1
1
1
1
1
1
1
1
1
1
1
0
1
1
1
1
1
1
1
1
1
1
1
0
1
1
1
1
0
0
1
0
1
1
1
1
1
1
1
1
1
1
1
1
1
1
1
1
1
1
1
1
1
1
1
1
1
1
1
1
1
1
1
1
1
1
1
1
1
1
1
0
1
1
1
0
1
1
1
1
1
1
1
1
1
1
1
1
1
1
1
1
1
1
1
1
1
1
1
1
1
1
1
1
1
1
1
