304
144
137
251
40
125
176
163
61
26
120
95
140
40
39
70
95
89
204
109
135
25
142
131
77
208
83
176
17
32
173
231
159
198
77
206
207
273
73
52
282
190
136
161
107
98
25
278
296
205
201
240
171
288
199
37
167
118
222
122
225
48
6
181
163
190
73
135
169
219
234
51
231
178
63
134
100
208
196
245
184
199
248
248
268
103
76
234
76
233
216
32
220
272
206
32
32
220
51
205
207
18
121
173
132
90
302
23
197
11
275
5
69
269
19
111
260
281
239
139
129
86
235
125
304
184
28
276
271
108
35
10
86
263
236
215
168
159
286
88
192
262
90
128
149
300
2.44909082886349
0.00146324425711293
144
1
1
1
1
1
1
1
1
1
1
1
1
1
1
1
1
1
1
1
1
1
1
1
1
1
1
1
1
1
1
1
1
1
1
1
1
1
1
1
1
1
1
1
1
1
1
1
1
1
1
1
1
1
1
1
1
1
1
1
1
1
1
1
1
1
1
1
1
1
1
1
1
1
1
1
1
1
1
1
1
1
1
1
1
1
1
1
1
1
1
1
1
1
1
1
1
1
1
1
1
1
1
1
1
1
1
1
1
1
1
1
1
1
1
1
1
1
1
1
1
1
1
1
1
1
1
1
1
1
1
1
1
1
1
1
1
1
1
1
1
1
1
1
1
