811
182
410
290
287
789
461
256
352
365
498
201
573
551
608
530
81
563
763
712
120
406
608
691
411
659
10
380
260
510
605
4
804
324
524
700
654
514
808
44
517
235
22
731
277
530
153
688
408
590
54
227
230
292
168
273
372
331
378
171
689
277
202
18
217
98
657
811
471
787
189
53
515
25
467
290
540
184
794
687
165
446
772
783
97
790
533
646
51
246
691
506
775
720
473
75
372
515
203
447
28
277
584
581
16
160
174
564
45
80
174
719
362
736
39
174
612
318
626
652
534
445
618
360
60
333
762
806
716
697
604
641
544
123
108
336
614
269
566
301
775
796
276
415
598
38
257
493
217
446
555
155
339
302
397
263
217
537
130
215
537
24
737
574
668
790
748
476
114
181
35
228
238
87
151
63
154
162
226
438
501
186
204
784
9.72810350119635
0.10343639327005
182
1
1
1
0
1
1
1
1
1
1
1
1
1
1
1
1
1
1
1
1
1
1
1
1
1
1
1
1
1
1
1
1
1
1
1
1
1
1
1
1
1
1
1
1
1
1
1
1
1
1
1
1
1
0
1
1
1
1
1
1
0
1
1
1
1
1
1
1
1
1
1
1
1
1
1
1
1
1
1
1
1
1
1
1
1
1
1
0
1
1
1
1
1
1
1
1
1
1
1
1
1
1
1
1
1
1
1
1
1
1
1
0
1
0
1
1
1
1
1
0
1
1
1
1
1
1
1
1
1
0
1
1
1
1
1
1
1
1
1
1
1
1
1
1
1
1
0
0
1
1
1
1
1
1
1
1
1
1
1
1
1
0
0
1
1
0
1
1
1
1
0
1
1
1
1
1
1
1
1
1
1
1
