860
118
481
165
728
26
640
719
821
610
130
278
736
228
858
446
339
369
846
840
99
272
437
359
281
512
547
763
289
173
123
811
37
230
330
754
568
840
324
192
23
119
75
446
162
546
12
591
437
72
437
719
401
113
96
10
423
328
510
457
441
818
860
79
575
402
203
557
591
134
384
612
361
614
128
93
534
275
309
832
468
77
848
169
818
557
784
295
398
65
716
595
44
59
40
109
58
698
837
490
172
751
791
708
14
587
79
504
689
117
850
381
484
274
202
268
550
428
391
5
2.19641299550148
0.239207549218921
118
1
1
1
1
1
1
1
1
1
1
1
1
1
1
1
1
1
1
0
0
1
0
1
1
0
1
1
1
1
1
1
1
1
1
1
1
0
1
0
0
1
1
1
0
1
0
1
1
1
1
1
0
1
1
1
1
0
1
1
1
0
1
1
1
1
1
0
0
0
1
0
0
1
1
1
1
1
1
1
1
0
1
0
1
1
0
1
1
1
1
0
0
1
1
1
1
1
1
1
1
0
1
1
1
1
1
1
0
1
1
1
1
0
1
1
0
1
0
