726
178
420
163
326
51
514
646
515
679
112
197
587
553
547
490
560
159
170
217
8
111
252
699
552
301
284
491
573
173
565
433
286
566
553
537
565
2
87
716
453
372
530
349
556
176
533
688
633
7
392
412
628
52
280
354
161
547
144
689
280
574
693
338
50
541
36
32
605
460
223
684
602
362
660
134
253
134
109
321
626
477
439
63
218
726
537
534
454
655
197
712
637
469
618
395
628
209
696
13
348
686
69
467
323
434
259
686
14
411
13
644
261
283
15
309
608
405
488
238
476
633
349
659
290
28
168
143
716
328
341
220
546
713
189
472
631
641
648
399
726
723
491
602
3
406
85
11
321
576
452
651
147
237
354
634
154
342
24
345
497
73
501
718
34
689
515
697
118
620
658
157
210
73
558
617
470
390
601
239
3.41696482653404
0.269447319565087
178
1
1
1
1
1
0
1
1
1
1
1
1
1
1
1
0
1
1
1
1
1
1
1
1
0
1
1
0
1
1
1
1
1
0
1
0
1
1
1
1
1
0
1
1
0
0
1
1
1
1
0
1
0
1
0
1
1
1
1
0
1
1
1
1
1
1
1
1
0
1
0
1
1
1
1
1
0
1
1
1
1
1
1
1
0
1
0
1
1
0
0
1
1
0
1
1
1
0
1
0
0
1
1
1
1
1
1
1
1
1
0
1
1
1
1
1
1
1
1
1
0
1
0
0
0
1
1
1
1
1
1
1
1
1
1
1
1
1
1
0
1
0
1
1
1
1
0
1
1
1
1
1
0
1
0
1
1
1
0
1
1
0
1
0
0
1
0
1
0
1
1
1
1
1
0
1
0
0
