494
160
76
319
274
313
273
296
243
288
242
26
374
121
145
47
424
70
138
346
355
433
480
312
176
104
150
403
130
103
414
31
109
350
460
421
126
6
219
318
192
88
53
418
410
259
137
52
423
93
414
270
391
162
325
464
67
358
262
110
161
36
494
419
434
219
264
117
420
417
29
449
62
492
158
483
389
243
110
156
456
294
316
116
161
263
121
382
113
294
145
137
305
118
130
56
453
169
203
404
322
259
98
246
448
307
361
449
467
329
379
63
30
131
307
26
68
91
107
471
325
216
335
492
108
165
180
317
235
485
80
470
34
425
217
319
151
32
426
99
287
484
389
119
309
320
33
273
449
29
202
453
478
108
211
249
268
446
367
318
328
311
2.02327430689365
0.0121420599971281
160
1
1
1
1
1
1
1
1
1
1
1
1
0
1
1
1
1
1
1
1
1
1
1
1
1
1
1
1
1
1
1
1
1
1
1
1
1
1
1
1
1
1
1
1
1
1
1
1
1
1
1
1
1
1
1
1
1
1
1
1
1
1
1
1
1
1
1
1
1
1
1
1
1
1
1
1
1
1
1
1
1
1
1
1
1
1
1
1
1
1
1
1
1
1
1
1
1
1
1
1
1
1
1
1
1
1
1
1
1
1
1
1
1
1
1
1
1
1
1
1
1
1
1
1
1
1
1
1
1
1
1
1
1
1
1
1
1
1
1
1
1
1
1
1
1
1
1
1
1
1
1
1
1
1
1
1
1
1
1
1
