468
92
435
255
223
62
182
458
228
186
76
192
43
123
4
320
457
333
301
118
319
200
174
452
402
4
436
433
291
212
290
445
464
368
236
134
127
254
138
332
399
58
71
441
380
338
180
284
149
465
183
219
73
460
386
436
467
455
240
367
267
392
326
380
331
249
234
358
36
457
256
431
216
369
154
387
461
360
47
111
139
454
66
291
409
43
199
218
241
210
362
73
303
423
2.55908288895934
0.199330784599213
92
0
0
1
1
0
1
1
1
1
1
1
1
0
1
0
1
1
1
1
1
0
1
1
1
1
1
1
1
0
1
1
1
1
1
0
0
1
1
1
1
1
1
0
1
1
0
1
1
1
0
0
1
1
0
0
1
1
0
1
1
1
1
0
1
0
1
0
1
1
0
1
1
1
1
0
1
1
1
1
0
1
0
1
1
1
0
0
0
1
1
1
1
