611
92
14
140
521
253
151
208
39
337
564
155
289
14
573
396
165
502
22
185
540
479
534
391
314
73
43
490
556
270
73
221
404
487
110
197
61
243
567
52
354
37
513
488
405
163
43
171
304
389
122
8
439
9
377
584
344
450
70
103
583
337
321
305
450
211
49
506
95
283
286
588
113
514
11
551
517
560
242
244
448
579
331
450
338
360
367
354
87
527
27
564
205
181
1.41437731609246
0.0459620105139296
92
1
1
1
1
1
1
1
1
1
1
1
1
1
1
1
1
1
1
1
1
1
1
1
1
1
1
1
1
1
1
0
1
1
1
1
0
1
1
1
1
1
1
1
1
1
1
0
1
1
1
1
1
1
1
1
1
0
1
1
1
1
1
1
1
0
1
1
1
1
1
1
0
1
1
1
1
1
1
0
1
1
1
1
1
1
1
1
1
1
1
1
1
