358
114
256
6
341
43
20
208
42
193
275
76
52
19
254
102
103
293
247
224
127
348
59
265
36
216
262
293
13
170
125
85
289
358
148
147
50
196
125
15
143
170
306
38
73
26
114
252
189
25
234
181
80
146
325
195
2
71
231
73
104
15
214
257
297
92
301
5
110
217
123
317
278
340
267
14
84
92
97
271
313
53
67
91
302
28
108
69
28
73
224
121
77
289
185
305
154
13
207
67
139
231
244
246
356
226
276
175
0
159
20
351
55
245
299
281
1.26536723132679
0.349747558050413
114
1
1
0
1
0
1
0
1
1
1
1
1
1
0
0
1
1
1
0
1
1
0
0
1
1
1
1
1
1
1
1
0
1
1
1
0
0
1
1
1
1
0
0
1
1
1
1
1
1
0
0
1
0
1
0
0
1
1
1
1
1
1
0
0
0
0
1
0
0
1
1
1
0
1
0
0
0
0
1
0
1
0
0
1
0
0
0
1
0
0
1
0
1
1
0
0
1
0
0
1
1
1
0
1
0
1
1
1
0
1
1
1
1
1
