346
88
211
317
103
115
80
124
85
217
248
211
182
88
334
344
78
210
279
161
244
88
9
188
143
243
127
47
73
259
295
77
133
284
246
66
167
92
227
308
331
0
101
281
214
331
42
272
204
194
274
91
303
109
43
12
307
166
85
340
195
69
54
183
99
117
262
0
234
96
227
102
206
55
71
236
67
99
168
168
108
93
116
119
82
226
31
159
325
301
0.36518126498472
0.165515325632907
88
1
1
1
1
1
1
0
1
1
1
1
1
1
1
1
1
1
0
1
1
1
1
0
1
1
1
0
1
1
0
1
0
0
0
1
1
1
1
1
1
1
1
1
1
1
1
0
0
1
1
0
1
1
1
1
1
1
1
1
1
1
1
1
1
1
1
0
1
1
1
1
1
1
1
1
1
1
0
1
0
1
0
1
1
1
1
1
1
