236
170
27
184
24
145
146
159
117
76
129
178
31
110
83
75
163
170
66
221
101
70
56
121
210
79
192
16
161
110
169
67
63
96
32
210
102
119
202
181
222
62
224
45
89
171
131
190
104
188
95
224
98
204
148
14
67
203
19
156
207
116
231
125
39
178
207
233
234
220
134
23
13
192
110
86
3
225
160
204
36
10
209
48
43
149
69
129
189
187
36
159
10
205
219
202
215
217
197
235
172
182
169
72
80
143
148
236
164
83
44
45
112
213
124
73
139
53
135
75
231
2
232
145
8
160
88
168
93
97
85
161
144
188
192
10
234
223
201
105
131
22
135
52
29
12
23
108
88
15
9
35
91
149
225
139
224
163
77
184
49
91
226
211
222
45
216
159
103
233
148
71
9.93315764097951
0.305369112529895
170
1
0
1
1
1
1
1
1
1
1
1
0
0
1
1
1
1
1
0
0
0
0
1
1
1
1
1
1
1
1
1
0
1
0
1
1
1
1
0
0
1
1
1
1
1
1
0
1
1
1
1
0
0
0
1
1
1
1
1
1
0
1
1
1
1
1
1
1
0
1
1
0
1
1
1
0
1
0
1
1
1
1
1
0
1
1
1
1
1
1
1
0
1
0
1
1
1
0
0
0
1
1
1
1
1
1
0
0
1
1
1
1
1
1
1
1
1
0
1
1
0
1
1
1
1
0
0
1
1
1
1
1
0
0
1
0
0
0
1
1
0
1
1
1
0
1
0
1
0
0
1
0
0
0
1
1
0
1
1
0
1
1
0
0
0
1
0
1
1
0
