423
192
321
151
46
273
341
292
68
261
148
269
279
302
190
98
177
55
204
166
10
225
350
339
120
366
174
194
16
8
408
392
220
221
399
201
265
217
27
417
34
207
0
38
196
96
387
323
296
392
372
397
364
323
247
332
314
378
179
104
81
124
163
421
147
383
59
134
247
197
222
92
334
361
284
354
205
220
114
172
4
129
390
404
106
65
367
66
252
248
422
74
89
405
231
301
188
176
373
95
403
337
52
62
10
6
213
219
15
414
291
57
91
344
316
33
295
248
149
77
212
374
354
121
362
169
262
288
14
103
127
135
333
423
157
145
325
272
318
343
289
92
209
147
130
169
183
345
152
39
99
408
141
97
140
422
239
401
304
44
351
36
409
162
60
310
75
198
14
137
113
240
232
77
407
42
65
277
74
64
141
52
400
365
222
45
67
388
47
78
65
292
348
364
0.495167444826972
0.363071469242021
192
1
1
1
0
1
1
0
0
1
1
1
1
1
0
1
1
0
1
1
0
1
0
0
1
0
1
1
1
1
1
0
1
1
1
0
0
0
1
1
1
0
1
0
1
1
0
0
0
1
0
1
0
0
1
1
1
0
0
1
0
0
0
1
0
0
1
0
0
1
0
1
0
1
1
0
1
1
0
0
1
1
1
1
0
0
1
0
1
1
1
1
1
1
0
1
0
0
1
0
0
1
0
1
1
1
0
1
1
0
0
1
0
0
0
1
1
1
1
1
0
1
1
1
1
1
1
0
1
0
0
1
1
1
1
0
1
1
1
1
1
0
1
1
1
1
1
0
0
0
0
1
1
0
1
0
0
0
0
1
1
0
1
0
1
0
1
1
0
1
1
0
1
1
1
0
0
1
0
0
1
0
1
1
0
0
0
1
0
1
1
1
1
