717
130
671
545
42
712
530
358
617
686
625
407
476
666
342
125
199
538
401
446
566
480
205
581
192
355
382
24
202
323
22
292
540
218
604
683
655
383
553
492
183
98
46
129
177
442
349
289
273
532
355
673
658
279
630
96
313
249
400
196
211
429
600
423
394
238
119
584
279
367
341
535
544
535
87
487
662
417
250
466
647
489
667
111
492
234
583
55
292
709
685
329
83
331
158
693
279
598
367
286
258
691
466
688
44
27
499
233
239
543
350
418
86
95
455
705
281
192
713
80
564
1
548
477
434
96
666
426
186
465
32
436
2.70929424378088
0.283648445067554
130
0
1
1
1
1
1
0
0
1
1
1
1
1
0
1
0
0
1
1
1
1
1
1
1
1
1
1
1
1
1
0
0
1
1
1
1
1
1
1
1
1
0
1
1
1
0
1
0
1
0
1
1
1
0
1
1
1
1
1
1
0
1
1
0
1
1
1
0
1
0
0
1
1
1
1
1
1
1
1
1
1
1
1
1
1
1
1
1
0
1
1
0
1
1
0
0
0
1
1
1
0
0
1
1
1
1
1
1
1
1
1
1
1
1
1
1
1
0
1
1
1
1
0
0
1
1
0
0
1
1
