906
114
607
98
771
512
691
569
329
713
542
872
167
560
51
151
747
83
182
570
827
379
365
202
325
845
271
568
857
78
406
417
84
245
175
641
168
365
552
705
881
362
816
51
895
866
529
206
414
741
780
850
358
759
213
100
830
753
334
772
331
714
16
771
233
750
77
79
874
403
676
438
827
546
432
543
200
376
218
678
575
648
200
326
630
525
834
680
467
321
891
258
42
83
382
209
470
293
283
683
188
80
402
765
490
581
738
612
379
468
495
50
568
127
488
818
1.76185616186663
0.26907978957515
114
1
1
1
0
1
0
1
1
1
1
1
1
1
1
1
1
0
0
1
1
1
0
1
0
0
1
1
1
1
1
1
1
0
1
1
1
1
1
1
1
1
0
1
1
1
1
1
0
1
0
1
1
1
1
1
1
1
1
1
1
1
1
1
1
1
1
1
0
1
0
1
1
0
1
1
1
0
1
0
1
1
1
0
1
0
1
0
0
0
1
1
0
0
1
1
1
0
0
1
1
1
1
1
1
0
1
1
0
1
1
1
0
1
1
