188
166
7
120
101
16
51
133
119
163
157
113
3
129
76
75
15
96
32
95
71
92
130
13
184
22
174
128
141
24
116
58
44
163
170
69
86
111
88
32
55
87
144
155
10
17
161
173
80
143
115
52
110
33
49
188
182
155
112
181
105
48
139
75
96
107
153
111
128
116
54
120
43
12
36
126
97
91
87
82
17
46
57
175
143
183
4
133
25
107
185
92
151
48
89
150
57
67
31
187
179
61
138
149
91
24
80
40
175
40
10
9
17
73
114
144
7
116
60
159
86
56
63
2
87
93
74
138
101
53
19
69
110
123
107
78
133
155
53
43
5
186
25
8
158
147
176
48
21
37
159
49
67
141
46
17
122
92
117
187
153
126
185
115
7
69
158
120
5.88641765522242
0.311092655190387
166
1
0
0
1
0
1
1
1
0
0
0
1
1
0
1
1
1
1
1
0
1
1
1
0
0
1
1
1
1
1
1
1
1
1
0
1
1
1
1
1
0
1
1
1
0
0
0
0
1
1
1
1
1
0
1
1
1
1
1
1
0
1
0
1
1
1
1
1
1
1
1
0
0
1
1
1
0
1
1
1
1
1
1
1
1
1
1
0
1
1
1
1
0
0
1
1
1
1
1
0
1
1
1
1
1
1
0
0
1
1
0
1
1
1
1
1
1
1
1
1
1
1
1
1
1
0
0
1
1
1
1
0
0
0
1
1
1
1
1
1
1
1
1
1
1
0
1
1
1
1
0
0
0
1
0
0
1
0
1
1
1
1
1
1
0
0
