206
168
51
202
122
90
169
157
130
170
146
19
94
77
14
84
115
81
54
162
96
5
160
27
98
192
65
85
152
80
140
10
99
107
25
120
94
42
107
168
203
134
93
119
34
72
38
124
203
143
196
50
74
128
151
53
79
17
141
21
67
10
142
171
83
133
184
17
37
36
205
17
9
116
102
144
144
150
4
10
160
158
176
137
86
116
72
178
150
141
152
25
172
177
40
167
69
82
69
2
96
15
4
23
20
35
194
185
81
29
108
118
156
128
190
118
177
174
58
62
25
75
67
149
158
176
43
122
196
70
153
73
56
21
32
144
127
108
49
145
160
126
65
32
92
79
162
155
44
159
14
6
184
72
154
33
114
58
3
185
23
147
61
122
38
15
33
91
161
128
0.00676046254277973
0.309971703286002
168
0
1
1
1
1
0
1
1
0
1
0
1
1
1
1
1
1
0
1
0
1
0
1
1
0
1
1
0
1
1
1
0
1
1
1
1
1
1
0
1
0
1
0
0
0
1
1
1
0
1
0
0
0
1
1
1
0
1
1
1
0
0
1
0
1
1
1
1
1
0
1
1
1
0
1
1
1
1
0
0
0
0
0
0
1
0
1
1
1
1
1
1
1
1
1
0
0
1
1
1
1
0
1
1
1
1
0
0
1
1
1
1
0
0
1
0
1
1
1
0
1
0
1
1
1
1
1
1
0
1
1
1
1
0
1
1
1
1
1
1
1
1
1
1
1
0
1
1
1
1
0
1
1
1
1
1
1
1
1
1
1
1
0
0
1
1
0
1
