512
108
284
288
21
146
113
330
483
142
114
228
280
159
409
118
119
167
204
482
64
380
220
426
368
497
152
270
269
121
180
445
341
158
124
319
47
20
43
156
254
491
34
195
425
501
42
381
35
20
491
191
372
162
416
462
140
450
158
485
278
411
117
224
433
352
184
347
242
488
304
317
306
215
2
319
313
268
234
98
313
33
455
344
428
448
447
167
270
264
40
474
27
383
76
326
89
140
319
495
177
97
18
186
213
376
153
279
253
214
3.64428036721342
0.273599071823299
108
1
1
0
1
1
1
0
0
1
0
1
0
0
0
0
1
1
1
0
0
0
1
1
1
1
0
1
0
0
0
0
1
1
1
1
1
1
0
0
1
1
1
0
0
1
1
1
1
0
1
0
1
0
1
1
1
1
0
1
1
0
1
1
1
1
0
0
1
1
1
1
1
1
1
0
0
0
1
0
0
1
1
1
1
0
0
1
1
0
1
0
1
1
1
1
1
1
1
1
1
0
0
1
1
1
1
1
1
