765
164
10
330
89
227
573
87
199
91
411
570
4
497
39
504
665
204
26
550
629
444
691
661
230
224
192
755
310
22
321
1
318
630
44
542
186
236
111
197
485
685
384
505
561
171
639
562
694
735
755
696
198
139
287
667
467
454
507
451
381
516
762
413
0
688
156
140
626
285
106
632
210
142
682
184
723
302
599
188
727
699
410
33
384
339
389
517
120
718
574
233
361
451
674
198
416
687
636
264
278
271
110
721
167
213
627
432
178
385
63
539
619
632
207
167
276
54
458
525
633
481
398
127
706
539
621
636
379
405
533
448
302
21
616
158
390
413
429
375
123
196
593
470
324
268
165
299
196
668
105
303
199
517
617
455
615
227
359
654
390
490
414
583
131
4
2.80101406245638
0.320487200183219
164
1
1
1
1
1
1
1
0
1
0
0
1
1
1
1
1
1
1
0
1
0
1
0
1
0
1
1
1
0
0
1
1
0
1
0
1
1
1
1
1
1
1
1
1
1
0
1
1
1
1
1
1
1
1
1
1
0
1
1
0
1
1
1
1
0
0
1
1
1
1
1
0
0
0
1
0
0
1
0
1
1
1
0
1
1
1
1
0
1
0
1
1
1
1
1
1
1
1
0
1
1
0
1
0
1
0
1
1
0
1
0
1
1
0
1
1
0
1
1
0
0
0
1
0
1
1
0
1
1
1
1
1
1
0
1
0
1
1
1
1
1
0
1
0
0
1
1
1
1
0
1
1
0
1
1
0
0
1
1
1
0
0
0
1
