236
172
63
114
196
132
52
88
137
212
65
104
171
137
208
15
222
140
183
138
123
72
68
202
39
231
35
66
57
170
161
210
209
4
2
77
130
44
186
98
115
83
191
208
24
211
208
66
199
171
114
218
65
148
47
193
109
213
112
30
138
125
74
97
186
211
3
28
218
122
22
126
4
142
153
78
132
8
54
220
83
233
91
32
111
72
179
45
91
39
50
146
197
229
89
106
204
24
40
120
148
109
19
41
38
210
208
25
25
10
137
134
76
114
216
13
129
2
207
141
169
178
50
37
77
213
234
104
156
227
206
6
31
177
152
128
139
191
15
23
231
220
78
92
36
150
235
212
169
106
171
236
35
150
179
218
25
15
118
27
121
181
131
111
124
122
57
116
52
14
168
104
58
105
0.948675227252836
0.378589918358347
172
1
1
0
0
1
1
1
0
1
1
1
1
0
1
0
1
1
1
0
1
1
1
1
1
0
0
1
1
1
1
1
0
1
1
1
1
1
0
1
1
0
1
0
0
1
1
1
1
1
0
0
1
0
0
1
1
0
1
0
0
1
1
0
1
0
1
1
1
0
1
1
1
1
1
1
1
1
0
0
1
0
1
0
1
1
1
1
1
0
0
0
1
1
1
1
1
1
1
0
1
1
1
1
1
1
0
0
1
1
1
0
0
1
1
1
0
0
1
1
1
1
1
1
1
1
0
0
1
1
1
1
1
1
0
1
1
1
0
0
0
1
0
1
0
1
0
0
0
1
1
0
1
0
1
1
1
1
1
1
1
1
0
1
1
1
1
0
1
1
0
1
1
