659
172
365
527
425
170
96
276
499
571
85
347
52
78
117
287
539
602
533
382
89
269
599
197
26
592
278
259
393
301
425
477
48
520
26
609
457
200
143
117
346
484
354
423
24
532
87
59
130
597
632
10
381
158
349
172
198
654
591
502
136
170
463
36
25
5
149
629
544
395
312
225
8
642
127
201
559
173
616
141
243
42
631
403
155
638
89
651
301
31
591
404
496
269
655
273
105
274
227
500
575
103
200
637
239
116
627
622
390
507
40
200
331
560
403
595
358
368
539
197
577
524
61
134
558
363
593
294
206
287
193
430
526
9
143
119
308
542
160
516
652
20
126
453
54
316
209
308
12
407
350
137
325
520
474
568
232
64
310
496
455
386
203
654
444
21
213
145
304
159
56
44
503
91
0.631030170590572
0.107392123935331
172
1
1
1
1
1
1
1
1
1
1
1
0
1
1
1
1
0
1
0
1
1
1
1
1
1
1
1
1
1
1
1
1
1
1
1
1
1
1
1
1
1
1
1
1
1
1
1
1
1
1
1
1
1
1
0
1
1
1
1
1
1
1
1
1
1
1
1
1
0
0
1
1
1
1
1
1
1
1
1
1
1
1
1
1
1
1
1
1
1
0
1
1
0
1
1
1
1
1
1
1
0
0
1
1
1
1
1
1
1
1
1
1
1
0
0
1
1
1
1
1
1
1
1
1
1
1
1
1
1
1
1
1
0
1
1
1
1
1
1
1
1
1
1
1
0
0
1
1
1
1
1
1
1
1
1
0
1
1
1
1
1
1
1
1
1
1
0
1
0
1
1
0
