368
174
326
253
217
146
151
62
358
114
206
363
282
56
11
183
209
341
60
301
309
212
21
77
201
34
313
225
258
147
21
281
187
36
354
89
113
142
33
104
328
143
2
169
149
340
84
193
219
93
47
99
99
320
193
284
218
120
252
279
26
144
180
167
43
239
262
144
351
215
209
202
190
50
29
56
31
268
319
303
156
12
50
23
140
254
273
123
84
22
286
186
238
27
50
89
245
100
206
55
155
196
129
248
37
169
52
57
321
20
91
236
53
102
355
307
181
274
339
156
304
4
212
125
300
213
116
139
143
283
295
97
352
331
52
344
350
61
0
49
159
160
275
347
252
97
345
77
303
309
40
168
277
123
252
271
312
120
308
307
172
143
280
102
61
265
1
184
205
33
185
365
151
137
329
244
6.08278013339754
0.00693245413623846
174
1
1
1
1
1
1
1
1
1
1
1
1
1
1
1
1
1
1
1
1
1
1
1
1
1
1
1
1
1
1
1
1
1
1
1
1
1
1
1
1
1
1
1
1
1
1
1
1
1
1
1
1
1
1
1
1
1
1
1
1
1
1
1
1
1
1
1
1
1
1
1
1
1
1
1
1
1
1
1
1
1
1
1
1
1
1
1
1
1
1
1
1
1
1
1
1
1
1
1
1
1
1
1
1
1
1
1
1
1
1
1
1
1
1
1
1
1
1
1
1
1
1
1
1
1
1
1
1
1
1
1
1
1
1
1
1
1
1
0
1
1
1
1
1
1
1
1
1
1
1
1
1
1
1
1
1
1
1
1
1
1
1
1
1
1
1
1
1
1
1
1
1
1
1
