738
182
696
656
416
365
213
662
154
215
561
400
157
277
156
141
589
401
291
738
181
480
8
692
215
649
179
266
435
229
559
553
612
440
261
264
680
737
85
661
166
267
486
668
515
691
469
28
398
700
674
336
596
189
599
38
547
129
389
401
245
610
474
259
20
220
667
517
472
724
722
635
459
576
327
514
123
318
249
174
130
113
106
407
648
245
236
544
720
736
515
530
42
640
525
542
621
414
212
348
581
298
423
129
344
712
75
517
56
710
462
144
313
248
559
195
342
458
95
71
441
368
661
155
207
302
261
304
295
360
201
345
616
667
664
641
144
441
611
520
402
584
168
625
31
550
329
156
324
635
580
513
627
319
565
357
146
326
387
409
640
648
609
291
34
291
319
4
130
588
88
482
238
437
71
126
364
637
327
149
304
704
42
239
2.62855394657943
0.148342606665055
182
0
0
0
1
1
1
1
1
1
1
1
1
1
1
0
1
1
0
1
1
1
1
0
1
1
1
0
0
1
1
1
1
1
1
1
1
1
1
0
1
1
1
1
1
1
0
1
1
1
0
0
1
1
1
1
1
1
1
1
1
1
1
1
1
1
1
1
1
0
0
1
1
1
1
1
1
1
1
1
1
1
1
1
1
1
1
0
1
1
1
1
1
0
1
1
1
1
1
1
0
1
1
1
1
0
1
1
1
1
1
1
1
1
1
1
1
1
1
1
1
1
1
1
1
1
0
1
1
1
1
1
1
1
1
0
1
0
1
1
0
1
1
1
1
1
1
1
1
1
1
1
1
1
1
1
1
1
1
1
1
1
1
1
0
1
0
1
1
1
1
1
1
0
1
0
1
1
1
1
1
1
0
