193
84
142
122
138
158
24
154
8
66
111
99
96
185
87
42
129
5
124
58
133
137
79
33
27
39
52
88
51
17
103
139
15
39
158
51
75
157
93
151
166
120
54
97
119
1
18
125
152
96
145
11
193
163
49
95
164
75
69
167
168
57
151
24
144
127
134
40
83
184
192
72
2
117
81
69
135
157
180
138
100
176
77
31
96
168
9.68770763901795
0.216395653377606
84
0
1
0
1
1
1
1
0
1
0
1
1
1
1
1
1
1
1
1
1
1
1
1
1
1
1
0
1
1
1
1
0
1
1
1
1
1
0
0
1
1
1
1
0
1
1
1
1
1
1
1
1
1
1
0
1
0
1
1
1
1
1
1
0
0
0
1
1
0
1
1
1
0
0
1
1
1
1
1
1
1
1
1
1
