836
84
836
151
383
645
697
416
364
100
304
735
251
214
51
336
626
540
556
26
155
466
383
178
230
200
533
621
508
41
774
490
407
215
168
796
116
66
190
318
339
637
568
215
683
268
395
77
718
296
136
241
181
68
409
327
20
724
781
634
413
174
37
504
684
775
281
445
414
782
809
44
375
29
116
378
408
172
244
695
188
459
780
8
783
431
5.38636634399707
0.291170468798644
84
1
1
1
1
1
1
0
0
0
1
0
1
0
0
0
1
0
0
1
1
1
1
1
0
1
0
1
1
1
0
0
0
1
1
1
1
1
1
1
1
0
1
1
1
1
1
0
1
1
1
1
1
1
1
0
0
0
0
0
1
1
1
1
1
1
1
1
0
0
0
1
1
1
1
0
0
1
1
0
0
1
1
1
0
