760
124
171
661
87
202
310
754
28
567
730
107
322
582
730
485
155
499
674
370
150
744
70
638
615
680
124
689
349
704
457
280
448
510
615
132
293
170
379
83
741
635
40
221
596
445
197
314
463
709
469
420
646
318
570
723
514
49
75
604
152
456
531
721
527
401
134
675
304
282
500
241
143
241
165
347
681
370
628
587
652
553
255
682
92
79
399
528
470
689
183
644
455
315
32
242
79
508
530
494
385
546
659
312
659
360
460
514
339
600
113
714
365
373
11
592
528
252
405
461
670
196
73
473
339
419
8.13706189195645
0.167139165924928
124
1
1
1
1
1
1
1
1
1
1
0
1
1
1
0
1
1
1
1
1
0
1
1
1
0
1
1
1
0
1
0
1
1
1
0
1
0
1
0
1
1
0
1
1
1
1
0
1
1
1
0
1
1
1
1
1
0
0
1
1
1
1
1
1
1
1
1
1
1
1
1
1
1
1
1
1
1
1
1
1
1
1
0
1
1
1
1
1
1
1
1
0
1
1
1
1
1
1
1
1
1
1
1
1
0
1
1
1
1
1
1
1
1
1
1
1
1
1
1
0
1
1
1
1
