972
166
428
181
244
44
236
250
905
386
298
128
505
923
231
698
475
910
360
482
940
851
398
964
919
461
713
278
543
356
64
375
27
739
657
272
496
797
478
749
510
465
700
210
381
280
347
711
56
708
915
776
723
281
574
136
520
766
936
88
701
224
790
356
164
666
455
395
385
822
166
359
77
964
700
65
332
724
122
495
611
456
770
936
738
452
341
702
619
308
517
861
464
279
514
40
483
200
86
615
635
842
388
651
355
96
374
144
161
22
393
612
953
892
948
328
828
493
320
86
647
362
434
934
35
484
452
4
50
475
622
172
220
630
22
869
413
344
495
610
89
869
54
466
716
209
266
161
396
472
336
125
382
725
271
262
914
114
177
108
317
893
232
690
242
23
584
932
6.60572323075253
0.295539630466022
166
1
1
1
0
1
1
1
1
0
1
1
1
0
1
1
1
0
0
1
1
1
0
0
0
1
1
0
1
1
1
1
0
1
1
0
1
1
0
1
0
1
1
0
1
1
1
1
1
1
0
0
1
0
1
0
1
1
1
1
1
1
1
1
1
1
0
1
1
1
1
1
0
1
1
0
1
0
1
1
1
0
1
1
1
1
1
1
0
0
0
1
1
1
1
1
0
0
0
1
1
1
0
1
0
0
1
0
1
1
1
1
1
0
1
1
1
1
0
1
1
1
0
0
1
1
1
1
1
1
1
0
1
1
0
1
1
1
1
1
1
1
1
0
1
1
1
1
1
1
1
0
0
1
1
1
0
0
1
1
0
0
0
0
1
1
1
