630
84
319
586
250
285
199
243
560
615
23
164
92
85
207
101
592
158
219
399
443
254
300
328
59
264
135
268
48
526
498
67
81
352
45
271
476
464
146
352
4
28
492
443
272
149
617
239
471
25
627
563
560
272
69
544
133
630
59
435
404
440
432
415
494
611
84
299
625
162
199
576
58
354
592
500
553
66
605
324
133
175
190
437
284
179
4.2275407005126
0.321624406788561
84
1
1
0
0
1
1
0
0
0
1
1
0
1
1
1
1
1
0
1
0
1
1
0
1
1
1
1
1
0
1
0
1
1
0
1
1
0
0
1
1
1
1
1
1
1
0
0
0
1
1
0
1
1
1
0
1
1
1
1
1
1
1
1
1
1
1
1
0
0
0
1
0
1
1
1
0
1
0
1
1
1
0
0
0
