972
134
931
702
901
797
439
775
919
885
668
944
629
738
492
568
903
671
225
143
784
132
512
278
595
261
614
432
276
847
166
344
144
410
740
109
555
206
404
769
194
714
114
529
747
420
639
123
6
531
836
792
56
165
738
285
477
215
626
94
405
166
411
292
687
789
243
527
328
650
106
194
461
386
321
636
752
740
319
439
732
830
179
588
813
683
68
797
551
370
236
400
531
920
39
900
535
305
82
252
948
825
464
566
443
229
828
682
89
754
227
239
430
320
410
132
864
860
838
618
52
278
189
965
301
360
972
259
838
11
129
411
895
688
226
358
6.94512251580567
0.257053053122375
134
1
0
1
1
1
1
1
1
1
1
0
1
1
0
1
1
0
1
1
1
1
0
0
1
0
1
1
1
0
1
1
0
1
1
1
1
0
0
1
1
1
0
1
0
1
0
1
0
1
1
1
1
1
1
1
1
0
1
0
0
1
1
0
0
1
1
1
0
1
1
1
1
1
1
1
0
1
1
0
1
1
1
1
1
0
1
1
1
1
0
1
1
1
1
1
1
1
1
0
1
1
1
1
0
0
1
1
1
0
1
0
1
1
1
1
1
1
1
1
1
1
1
0
1
1
1
1
1
1
0
1
1
1
1
