288
152
208
50
206
135
103
165
192
62
258
110
38
220
220
38
29
170
231
179
180
93
124
192
55
52
246
20
184
20
211
218
141
248
105
37
18
102
169
154
136
1
132
219
44
136
206
23
169
169
54
250
35
267
2
197
206
169
33
123
265
226
239
87
110
157
59
230
220
185
131
155
94
56
236
31
288
232
227
223
238
251
134
188
214
26
161
68
187
169
32
3
160
145
134
158
201
8
58
134
4
185
46
259
1
283
31
279
174
152
242
26
202
275
9
104
211
91
46
264
52
215
16
177
87
172
3
91
226
276
61
206
176
166
139
44
158
19
250
85
250
134
46
62
159
90
172
54
100
221
92
29
253
187
2.99238456915692
0.205279161505386
152
1
1
1
0
1
1
1
1
1
0
1
1
1
1
1
1
1
1
1
1
0
1
1
0
1
1
1
1
1
1
1
1
0
1
0
1
1
1
1
1
1
1
1
1
0
0
1
0
1
1
1
1
1
1
1
0
0
1
1
1
1
1
1
1
1
1
0
1
1
0
1
1
1
1
0
1
1
0
0
1
1
1
1
0
1
1
1
0
0
0
1
1
0
1
1
1
1
1
1
1
0
1
0
1
1
1
1
0
1
1
1
1
1
1
1
1
1
1
1
1
1
0
0
1
1
1
1
1
1
0
1
1
1
1
1
1
1
1
1
0
1
1
0
1
0
0
0
1
1
1
0
1
