592
148
41
146
536
441
405
104
85
397
291
592
252
364
127
120
474
463
212
579
326
307
62
370
410
469
428
241
352
517
186
0
175
64
76
219
114
255
139
105
155
304
31
420
561
521
491
410
398
444
494
77
183
123
135
201
543
330
188
30
145
350
518
371
73
140
469
505
433
278
355
510
531
231
324
21
573
378
465
528
559
297
226
537
481
39
298
361
433
144
384
514
194
162
124
532
288
213
376
305
548
75
89
483
472
124
473
245
476
476
284
520
451
281
233
64
363
393
71
148
396
385
244
414
88
91
294
73
302
343
105
190
38
365
152
447
544
380
407
232
152
317
207
219
132
332
228
232
208
135
8.87694828495442
0.308015071395659
148
1
1
1
1
0
1
1
1
0
1
0
1
0
1
1
1
1
1
1
1
0
1
1
1
1
1
1
1
1
0
1
1
0
1
1
0
1
0
0
0
0
0
1
1
0
1
1
1
1
1
1
1
1
0
1
1
0
1
0
1
0
1
1
0
1
0
1
0
1
1
1
1
1
1
1
1
1
1
0
1
1
0
1
1
1
1
1
1
1
0
1
1
1
1
1
1
1
1
0
1
1
0
1
1
1
1
1
1
0
1
0
1
0
1
0
1
1
1
1
1
0
1
1
0
1
0
1
0
0
1
1
0
0
0
1
1
0
1
1
1
0
1
0
1
0
1
1
1
