826
150
534
772
302
621
28
380
571
776
407
439
719
230
149
601
694
628
539
72
125
126
702
358
812
738
45
606
629
66
303
554
104
341
553
766
560
179
611
98
71
164
736
127
465
717
747
466
384
92
245
151
168
636
12
593
550
379
753
52
818
411
473
492
92
281
394
811
750
423
202
704
399
324
618
697
198
301
158
768
379
442
741
636
168
249
795
55
698
611
741
761
128
537
110
326
627
615
721
512
172
660
368
216
684
545
55
714
558
361
731
534
503
676
64
590
485
664
762
799
825
213
702
480
383
741
220
16
270
229
540
671
214
67
320
472
690
453
258
4
369
253
631
700
271
63
494
115
713
569
331
365
4.93646742634622
0.275684788985321
150
1
1
1
1
1
1
1
0
1
1
1
1
0
1
1
1
1
1
1
1
1
0
0
1
1
1
0
1
1
1
1
1
1
0
1
1
0
1
0
0
1
1
0
0
0
1
0
1
1
0
0
0
0
1
1
0
1
1
0
1
1
1
0
1
0
0
1
1
1
1
1
0
1
1
0
1
0
1
1
1
1
1
1
1
1
1
1
1
0
0
1
1
1
1
1
0
1
1
1
1
1
0
1
0
1
1
1
0
1
1
1
1
1
0
1
1
1
0
1
1
0
1
1
1
1
1
0
1
1
1
1
1
0
0
1
0
1
1
1
1
1
0
1
1
0
1
1
1
1
1
