383
90
267
268
321
91
309
146
82
330
343
74
15
16
246
129
90
131
153
71
248
303
311
335
19
154
189
283
351
185
189
332
93
212
126
101
86
172
166
63
189
8
47
337
371
172
18
128
45
30
10
130
164
312
76
218
335
163
183
136
351
357
339
341
114
268
6
308
371
117
46
77
253
166
3
11
304
147
380
345
199
86
265
95
298
266
267
182
189
149
296
300
8.4519333558655
0.359803219897514
90
1
1
0
0
1
1
1
1
1
1
0
1
1
1
0
0
1
0
1
0
1
1
1
1
1
0
1
1
0
1
0
1
0
0
1
1
1
0
1
0
1
1
1
1
1
1
0
1
1
1
1
0
1
1
0
1
1
0
0
0
1
1
1
1
0
1
0
0
1
0
0
0
1
1
1
0
1
1
1
0
1
1
0
0
0
1
0
1
1
1
