723
174
129
452
605
196
591
718
106
222
112
4
328
526
581
626
199
663
706
379
350
249
341
17
473
597
62
583
417
439
381
88
707
488
189
214
416
653
245
265
622
154
163
621
20
135
287
66
276
423
152
315
432
141
246
462
574
705
318
135
6
48
502
485
14
531
166
428
46
316
596
586
171
386
273
47
188
443
694
439
667
528
59
622
455
380
0
69
316
91
108
115
26
51
70
16
573
441
260
521
521
530
402
331
498
504
516
524
90
313
433
593
457
479
125
30
577
495
553
326
442
115
558
315
476
85
427
349
482
200
41
510
37
488
221
651
392
125
597
410
106
594
192
511
457
265
624
250
22
562
201
515
702
381
506
62
3
508
585
705
709
561
475
187
197
236
587
659
396
167
210
656
75
517
42
371
3.57579127138287
0.123515339991872
174
1
1
1
1
1
1
1
1
1
1
1
1
1
1
1
1
1
1
1
1
1
1
1
0
1
1
1
1
0
1
0
1
1
1
1
1
1
1
1
1
1
1
1
1
1
1
1
1
1
1
1
1
1
1
1
0
1
1
1
1
1
1
1
1
0
1
1
1
1
1
1
1
1
1
0
0
0
1
1
1
1
1
1
1
1
0
1
0
1
1
1
1
1
1
1
1
1
1
1
1
1
1
1
1
1
1
1
1
1
0
1
1
1
1
1
0
1
1
0
1
1
1
1
0
1
1
1
1
1
1
1
1
1
1
1
1
1
1
1
1
1
1
1
1
1
0
1
0
1
0
1
1
1
0
1
1
1
0
1
1
1
1
1
1
1
0
1
1
1
1
1
1
1
0
