294
124
248
14
50
286
27
257
232
88
203
72
238
254
223
52
161
176
75
252
29
163
266
280
252
192
74
285
180
125
119
82
280
61
42
12
156
140
156
139
97
91
59
224
200
146
96
39
147
243
223
66
245
83
55
261
206
91
62
90
285
14
21
119
219
49
114
261
78
59
108
214
3
9
217
30
67
15
37
247
77
99
133
166
273
226
123
70
135
79
123
82
254
117
23
82
11
214
73
124
190
99
26
14
122
151
104
148
6
3
207
12
222
90
68
188
213
186
100
252
115
208
215
127
92
155
4.55567401202555
0.00824558874983659
124
1
1
1
1
1
1
1
1
1
1
1
1
1
1
1
1
1
1
1
1
1
1
1
1
1
1
1
1
1
1
1
1
1
1
1
1
1
1
1
1
1
1
1
1
1
1
1
1
1
1
1
1
1
1
1
1
1
1
1
1
1
1
1
1
1
1
1
1
1
1
1
1
1
1
1
1
1
1
1
1
1
1
1
1
1
1
1
1
1
1
1
1
1
1
1
1
1
0
1
1
1
1
1
1
1
1
1
1
1
1
1
1
1
1
1
1
1
1
1
1
1
1
1
1
