357
92
303
269
260
129
296
100
243
112
28
66
83
98
80
123
111
321
151
13
349
267
220
252
298
242
304
308
164
123
240
26
86
234
235
273
85
248
298
169
73
332
109
341
82
26
210
120
173
74
153
129
236
218
229
113
342
110
43
210
133
259
233
101
356
300
36
101
288
25
315
163
75
220
337
146
143
42
76
1
316
232
108
342
75
281
7
7
343
27
147
134
18
29
0.417854934952018
0.260743493443506
92
1
1
1
1
1
0
1
1
0
1
1
0
1
0
1
1
1
1
1
1
1
1
1
0
1
1
1
1
1
1
1
1
0
0
1
1
1
1
1
1
1
0
1
1
0
0
1
0
1
0
0
1
1
1
1
1
0
1
1
1
1
1
1
1
1
1
1
1
1
1
1
0
1
1
1
0
1
1
0
1
1
0
0
1
1
1
1
1
1
1
1
0
