690
144
16
100
37
355
639
662
383
683
22
499
689
51
390
335
482
418
107
81
515
138
50
255
3
649
525
655
318
13
156
496
587
198
216
275
330
112
180
250
602
334
97
123
240
476
632
357
577
645
15
616
663
549
683
510
582
223
619
202
673
280
1
359
577
639
479
66
192
176
606
665
458
334
27
231
12
219
342
433
613
684
119
66
410
132
465
669
183
688
358
286
397
635
284
3
686
293
32
634
507
459
657
499
504
339
420
120
452
96
517
188
145
311
671
233
629
393
407
237
325
74
502
526
314
480
359
170
112
180
466
372
93
281
594
659
321
94
68
172
227
110
472
658
570
627
5.49790445005666
0.273800614838734
144
1
0
1
1
1
0
0
1
1
1
1
0
1
1
1
1
1
1
1
1
0
1
1
1
1
0
1
1
1
1
1
0
1
1
1
1
1
0
1
1
0
1
1
1
1
1
0
0
1
1
1
1
1
1
1
1
1
0
0
1
0
1
1
1
0
1
1
1
1
0
1
1
0
1
1
1
0
1
1
1
1
1
1
1
1
1
1
1
1
0
0
1
1
1
1
1
1
1
1
1
1
1
0
1
1
1
1
1
1
1
1
1
0
1
0
1
1
0
0
1
1
0
1
1
0
1
0
1
1
0
1
1
1
1
1
1
0
0
1
1
1
1
0
1
