776
164
737
214
575
428
622
50
565
118
179
110
442
131
18
379
69
443
209
144
429
579
326
64
378
702
366
115
468
190
440
772
685
22
194
131
513
149
334
419
97
771
621
241
657
766
690
444
372
76
260
648
619
443
348
314
646
256
591
451
711
726
345
411
560
423
385
363
403
306
634
504
78
106
593
503
530
721
4
484
241
137
665
617
772
317
477
178
460
628
175
132
765
375
626
505
670
438
590
122
758
511
501
608
473
117
618
608
164
725
553
67
335
750
710
20
743
643
504
505
471
407
760
753
9
650
40
436
254
482
534
566
147
84
410
320
471
128
546
104
348
26
548
347
148
219
639
767
572
448
577
247
302
183
549
139
602
465
720
379
307
237
148
396
685
699
5.46360437629777
0.103404002038634
164
1
1
1
1
1
1
1
0
1
1
0
1
1
1
1
1
1
1
1
1
1
1
1
1
1
1
1
1
1
1
1
1
1
1
1
1
1
1
1
1
1
0
1
1
1
1
1
1
1
1
1
1
1
1
1
0
1
1
0
1
0
1
1
0
1
1
1
1
1
0
1
1
1
1
0
1
1
1
1
1
1
1
1
1
1
1
1
0
1
1
1
1
1
0
1
1
1
1
1
1
1
1
1
1
1
1
1
1
1
1
0
1
1
1
1
1
1
1
1
0
1
1
0
1
1
1
1
1
1
1
1
1
1
0
1
1
1
1
1
1
1
1
1
1
1
1
1
1
1
1
1
1
1
1
1
1
1
1
1
1
1
1
0
1
