874
78
242
609
594
490
576
355
538
323
719
352
748
422
797
775
411
533
116
426
168
385
627
670
30
348
706
647
251
359
421
694
476
435
467
734
130
311
240
272
82
406
392
838
664
449
317
428
760
348
211
80
189
619
520
223
441
239
639
132
266
88
212
136
84
626
775
850
646
0
406
72
19
533
552
135
598
165
85
848
1.75216443472898
0.203835900601772
78
1
1
0
1
1
0
1
1
1
1
1
0
1
1
1
1
1
1
1
1
1
0
1
1
0
1
0
1
0
1
1
1
1
1
1
1
1
0
0
1
1
1
1
1
0
1
1
1
1
1
0
1
1
1
1
1
1
1
1
1
1
1
1
1
0
1
1
1
1
1
1
1
1
0
1
1
1
1
