181
88
58
45
79
99
123
0
124
6
31
22
75
21
39
82
27
171
109
14
61
84
100
35
70
135
178
59
50
55
163
74
82
170
45
124
157
65
141
155
17
1
170
40
32
44
74
86
53
70
162
81
128
9
69
22
133
18
166
109
72
68
100
157
133
151
169
136
139
46
129
14
150
64
175
62
77
49
21
127
95
47
75
9
177
36
156
29
2
62
6.00063343003109
0.357939539182078
88
1
0
1
0
1
0
0
1
1
1
1
1
1
1
0
0
0
1
1
1
1
1
1
1
1
1
0
1
0
0
1
0
1
1
0
1
1
1
1
1
1
1
1
1
1
1
1
0
0
0
1
0
0
1
0
1
1
1
1
1
0
1
1
1
1
0
1
1
1
1
0
0
1
0
0
1
1
0
0
0
1
0
1
0
1
0
1
1
