672
148
298
253
466
246
501
504
302
307
160
103
145
165
357
513
584
464
331
214
366
418
230
427
265
112
541
641
514
119
132
596
514
634
666
460
296
223
251
337
565
585
207
325
456
80
52
244
486
591
228
449
171
316
285
410
426
287
359
158
519
258
413
421
233
653
671
483
247
150
208
594
22
492
584
174
270
159
523
444
456
236
383
649
182
525
186
476
425
497
340
494
155
72
162
13
582
447
258
444
266
114
215
487
155
187
181
617
513
504
104
247
340
386
661
632
212
304
155
494
348
243
259
180
119
653
456
580
335
549
326
296
583
470
357
38
104
470
653
328
293
296
66
646
174
170
605
613
640
634
9.83197106218126
0.311918951758553
148
0
1
1
1
1
0
1
1
0
0
1
0
1
0
1
1
1
1
1
1
1
1
0
0
1
1
1
1
0
1
0
1
0
1
1
0
0
0
0
0
1
1
1
0
0
1
1
1
1
1
1
0
1
1
1
1
0
1
1
0
0
1
1
1
0
1
0
1
0
0
0
1
1
1
1
1
0
0
1
0
1
0
1
1
0
1
1
1
0
1
1
0
1
0
1
1
1
1
1
1
0
0
0
1
1
1
0
1
1
1
0
1
1
1
1
1
0
1
1
1
1
1
1
1
0
1
1
1
1
1
0
1
0
1
1
1
0
0
1
0
1
0
1
1
1
0
0
0
