212
104
80
95
90
84
137
167
44
179
141
166
123
193
65
209
46
73
133
15
110
143
195
108
155
108
91
0
95
192
15
200
7
1
111
67
80
185
93
83
163
105
40
123
47
210
85
30
95
28
99
36
172
38
189
100
77
154
13
128
210
38
198
4
104
3
122
155
146
51
10
195
78
199
70
61
15
90
104
134
42
130
106
74
144
59
150
11
139
103
59
30
115
182
15
119
11
151
118
10
55
194
117
208
114
93
9.46558757115681
0.202491504617714
104
0
1
1
1
1
1
0
1
0
1
1
1
1
0
1
1
1
0
0
1
1
0
1
0
1
1
1
1
1
1
1
1
1
1
1
1
0
1
1
1
1
1
0
0
0
1
1
1
1
1
0
1
0
1
1
1
1
0
1
0
1
1
1
1
1
1
1
1
1
0
1
1
1
1
1
1
0
1
1
1
0
1
1
1
1
1
1
1
1
1
1
1
1
1
1
1
1
0
1
1
1
1
1
1
