677
158
355
609
272
176
416
374
247
416
584
28
374
175
512
54
433
333
535
652
292
258
634
655
161
601
457
48
310
421
209
364
537
675
535
460
388
608
95
651
283
624
427
134
407
126
47
144
143
375
273
315
129
555
582
616
47
199
540
184
607
227
493
424
10
637
512
622
291
316
74
586
524
435
301
534
676
60
218
325
19
383
449
544
454
364
512
163
575
197
81
345
502
184
67
643
77
659
79
138
622
179
334
27
479
164
392
184
312
363
195
435
194
611
536
637
524
368
243
68
356
44
66
352
674
648
283
434
70
435
442
146
302
498
50
603
524
224
180
401
641
228
362
161
276
60
655
379
409
451
88
648
65
396
361
305
141
315
564
503
8.80027104593078
0.141991360538222
158
1
1
1
1
1
0
1
1
1
0
1
1
1
1
1
1
0
0
1
0
0
0
0
1
1
1
1
1
1
0
1
1
1
1
1
1
1
1
1
0
0
1
1
1
0
1
1
1
1
1
1
1
1
0
1
1
1
1
1
1
1
1
1
1
1
0
1
1
1
1
1
0
0
1
1
1
1
1
1
1
1
1
1
1
1
1
1
1
1
1
1
1
1
1
1
0
0
1
1
1
1
1
1
1
1
1
1
1
1
0
0
1
1
1
1
1
1
1
1
1
0
1
1
0
1
1
1
1
1
0
1
1
1
0
1
1
1
1
1
1
0
1
1
1
1
1
1
1
1
1
0
0
1
1
1
1
1
1
