938
132
690
544
175
871
478
841
858
258
428
504
526
543
401
113
513
801
539
547
696
479
335
546
190
675
643
858
903
239
847
837
836
647
218
648
519
469
232
17
352
633
394
665
547
430
810
924
207
888
381
287
666
229
853
580
873
9
784
818
436
326
696
26
71
419
196
665
855
141
199
264
24
737
98
427
743
493
573
492
326
253
736
780
292
129
481
183
696
411
638
74
843
433
590
856
148
381
261
453
902
706
16
214
884
53
742
925
316
12
704
310
938
6
129
750
783
822
398
157
430
612
316
849
527
545
408
695
847
399
73
904
690
629
9.60827001484863
0.0127667534485435
132
1
1
1
1
1
1
1
1
1
1
1
1
1
1
1
1
1
1
1
1
1
1
1
1
1
1
1
1
1
1
1
1
1
1
1
1
1
1
1
1
1
1
1
1
1
1
1
1
1
1
1
1
1
1
1
1
1
1
1
1
1
1
1
0
1
1
1
1
1
1
1
1
1
1
1
1
1
1
1
1
1
1
1
1
1
1
1
1
1
1
1
1
1
1
1
1
1
1
1
1
1
1
1
1
1
1
1
1
1
0
1
1
1
1
1
1
1
1
1
1
1
1
1
1
1
1
1
1
1
1
1
1
