233
182
113
131
104
177
168
93
145
113
52
149
15
120
186
55
93
134
226
65
73
138
2
177
131
214
72
167
195
209
230
25
158
22
105
224
72
224
28
157
221
2
134
51
82
227
91
32
18
55
147
206
137
143
164
186
112
105
218
119
193
94
71
191
19
2
7
133
26
50
51
112
69
11
198
154
201
7
210
10
84
66
205
228
98
138
203
83
75
118
137
115
29
65
193
85
192
66
8
214
175
132
213
21
188
232
115
116
139
61
100
67
78
189
133
126
25
172
167
45
90
66
34
20
175
92
192
19
201
142
106
16
1
184
185
199
0
19
17
218
152
93
209
49
146
174
33
111
89
17
188
207
114
61
74
229
46
40
105
131
68
4
34
56
143
160
3
73
150
52
42
186
43
20
181
32
51
228
164
208
116
170
96
226
7.78818975612314
0.189465234205676
182
1
1
1
0
0
1
1
1
1
0
0
1
0
1
1
1
1
1
1
1
1
0
1
1
1
1
1
1
0
1
0
1
1
1
1
1
1
1
1
1
1
1
1
1
1
1
1
1
1
0
0
1
1
1
1
1
1
1
1
0
1
1
1
1
1
1
1
0
1
1
0
1
0
1
1
1
1
1
1
1
0
1
1
1
1
1
1
1
0
1
1
1
1
0
0
1
1
1
1
0
1
1
1
1
1
0
1
1
0
1
1
1
1
1
1
1
1
1
1
1
1
0
1
1
1
1
1
1
1
1
1
1
1
0
1
1
1
1
1
1
1
1
1
1
1
1
1
1
1
1
1
1
1
1
1
1
1
1
1
1
1
1
1
1
0
0
1
1
1
1
1
1
0
0
1
1
1
1
1
1
1
0
