547
172
457
538
85
331
439
94
345
392
249
546
452
121
133
367
354
426
75
164
101
250
238
349
78
147
298
337
298
311
456
519
115
209
226
380
160
14
144
118
325
317
260
236
117
393
79
89
344
443
503
456
57
461
38
105
167
434
312
365
477
448
542
319
458
483
503
300
328
102
358
222
215
25
545
102
186
260
54
209
228
13
82
436
290
189
398
225
320
354
354
389
471
547
60
336
72
540
484
217
160
116
481
314
134
183
190
12
535
231
280
133
343
237
96
285
127
12
9
528
88
543
164
381
511
237
225
97
460
384
346
353
396
512
7
132
159
36
149
152
480
335
509
446
317
184
470
424
307
362
483
377
184
98
3
244
170
226
122
516
217
432
169
18
51
426
366
115
0
411
325
343
494
27
7.17919552257521
0.0272650259507861
172
1
1
1
1
1
1
1
1
1
1
1
1
1
1
1
1
1
1
1
1
1
1
1
1
1
1
1
1
1
1
1
1
1
1
1
1
1
1
1
1
1
1
1
1
1
1
1
1
1
1
1
1
1
1
1
1
1
0
1
1
1
1
1
1
1
1
1
1
0
1
1
1
1
1
1
1
0
1
1
1
1
1
1
1
1
1
1
1
1
1
1
1
1
1
1
1
1
1
1
1
1
1
1
1
1
1
1
1
1
1
1
1
1
1
1
1
1
1
0
1
0
1
1
1
1
1
1
1
1
1
1
1
1
1
1
1
1
1
1
1
1
1
1
1
1
1
1
1
1
1
1
1
1
1
1
1
1
1
1
1
1
1
1
1
1
1
1
1
1
1
1
1
