488
154
288
90
156
19
321
358
152
42
373
322
126
275
235
164
66
65
97
381
5
315
72
328
342
415
467
67
140
328
366
327
191
154
8
406
277
394
357
457
268
483
253
2
245
171
54
435
23
275
26
334
2
82
398
281
11
403
246
224
160
458
387
362
173
126
394
149
31
169
79
105
258
21
185
220
289
395
139
370
200
413
264
296
426
193
199
111
62
82
217
28
120
401
485
234
215
336
218
35
123
264
416
227
401
34
104
22
464
200
147
244
399
33
324
225
399
190
305
443
9
348
35
327
156
283
402
418
213
35
259
228
101
88
470
124
262
33
453
280
239
484
474
180
277
197
286
307
105
187
438
180
188
221
481
214
6.10100095740858
0.38089380731605
154
0
1
1
0
0
1
1
1
1
1
1
0
1
0
1
0
1
1
0
1
1
1
0
0
1
0
1
0
0
1
1
0
1
1
1
1
1
1
0
0
0
1
0
1
1
1
0
1
1
1
0
1
1
1
1
1
0
1
1
0
1
0
1
0
0
1
1
1
1
1
0
0
1
0
1
1
1
0
1
1
1
1
0
1
1
1
1
1
1
0
1
1
0
1
1
0
0
0
1
0
0
0
1
1
0
1
1
0
1
0
1
0
1
1
0
0
0
1
0
1
1
1
0
0
1
0
0
1
0
1
1
1
0
1
1
1
1
0
0
1
1
1
1
0
1
1
0
1
1
0
0
0
0
1
