293
174
182
62
104
255
182
126
89
241
132
154
33
253
54
229
92
279
59
117
243
72
194
82
109
161
80
224
18
137
224
41
276
285
133
268
273
109
121
142
95
207
45
290
147
32
141
265
17
99
283
129
245
102
20
65
109
256
92
127
252
276
271
238
28
283
122
248
274
265
178
272
151
265
123
185
154
258
250
85
276
178
69
278
196
170
244
146
260
4
276
233
80
65
238
86
24
49
47
49
92
293
72
27
204
181
125
111
277
165
138
252
254
180
274
88
19
59
109
3
272
85
166
79
80
228
97
246
150
187
273
174
143
221
284
152
176
87
106
147
113
61
269
10
281
176
31
117
171
253
124
96
251
33
256
64
274
82
186
213
139
158
96
203
269
188
21
247
189
51
239
206
217
191
69
241
6.8547276809465
0.190740699158204
174
1
1
0
1
1
1
1
1
1
1
1
1
1
0
1
1
1
1
1
1
1
1
0
1
1
1
1
1
1
0
1
0
1
0
1
1
1
0
1
1
1
0
1
1
1
1
1
1
1
1
1
1
1
1
1
0
1
1
1
1
1
1
0
1
1
1
0
1
1
1
0
0
1
1
1
1
1
1
1
1
1
1
1
1
1
1
0
1
1
0
1
1
1
1
1
1
1
1
1
1
1
1
1
1
1
0
1
1
0
1
0
1
1
1
0
1
1
1
1
0
1
1
1
1
1
1
0
1
0
1
1
1
1
1
0
0
1
1
0
1
1
1
1
1
1
1
1
1
1
1
1
1
0
1
1
1
1
1
1
1
1
1
0
1
1
0
1
0
1
1
1
0
1
1
