833
152
465
809
174
502
438
577
346
237
760
679
755
399
330
413
128
175
272
793
335
265
674
407
127
833
10
535
654
421
737
197
301
126
714
616
230
71
475
386
302
407
264
538
742
378
135
772
494
466
543
786
751
635
547
361
377
210
592
645
233
401
156
442
531
789
258
47
577
643
362
518
328
236
223
273
38
709
793
721
464
448
149
156
131
696
537
380
484
236
727
291
53
666
105
542
260
444
523
208
236
358
35
248
152
79
445
87
737
107
212
181
700
69
312
613
281
368
480
441
601
691
222
429
524
73
453
139
237
411
712
70
353
774
793
827
451
822
510
213
264
592
167
741
463
580
292
828
598
275
793
271
166
450
9.99458052036817
0.191598509484739
152
1
0
0
1
1
1
1
1
1
1
1
1
1
1
1
1
1
1
1
1
1
1
1
1
1
1
1
1
1
1
0
1
1
1
1
0
1
0
1
1
1
1
1
1
1
1
1
1
1
1
1
1
1
1
1
1
1
1
1
1
1
1
1
1
1
1
1
1
1
0
1
0
0
0
1
1
1
1
1
1
1
1
1
1
0
1
1
1
1
1
1
0
1
1
1
0
1
1
1
0
1
1
1
1
0
1
1
1
0
1
0
1
1
1
0
1
0
0
1
1
1
1
0
1
1
0
1
1
1
1
0
1
1
1
1
1
0
1
1
0
1
1
1
1
0
1
0
1
1
1
1
1
