308
192
160
52
211
226
91
229
72
185
44
30
231
99
80
307
232
288
273
85
275
249
172
196
221
291
50
85
158
156
276
163
224
56
128
298
84
238
197
284
273
162
195
109
298
194
89
68
288
91
239
302
125
61
124
283
31
231
4
13
269
147
216
12
148
98
203
145
67
231
10
295
305
9
94
49
4
54
240
73
219
257
13
289
81
297
4
178
291
10
182
268
40
293
306
226
70
62
232
56
135
274
255
229
85
301
211
119
269
156
125
158
34
263
242
171
72
237
290
239
289
263
100
172
75
29
138
90
77
237
141
23
244
206
35
148
78
34
270
162
150
0
307
108
85
276
303
182
252
211
68
106
27
138
240
83
126
233
243
153
255
183
76
171
30
262
273
96
176
103
292
14
8
254
106
87
119
288
106
305
261
92
134
213
148
140
262
245
183
79
194
51
205
77
7.50597716122918
0.310398799439979
192
1
1
1
0
1
1
1
0
1
1
0
1
1
1
1
0
0
1
1
1
1
0
1
1
1
1
1
1
1
0
0
0
1
1
0
1
0
1
1
1
1
1
1
1
1
0
1
0
0
1
0
0
1
1
1
0
1
1
1
1
1
0
1
0
1
1
1
1
1
1
1
1
1
0
0
1
1
0
1
1
1
0
0
0
1
1
1
1
0
1
1
1
0
1
1
0
0
1
0
1
1
1
0
1
1
1
1
0
0
1
0
1
0
0
1
1
0
1
1
1
0
1
1
1
1
1
1
1
1
1
1
0
0
1
1
1
0
1
1
1
0
1
1
1
1
1
1
1
0
1
0
1
0
0
1
1
0
1
0
1
0
1
1
1
1
1
1
0
1
1
1
1
0
0
1
0
1
1
0
1
0
1
1
0
1
1
1
1
1
1
1
1
