772
184
418
0
577
181
386
11
287
195
500
296
299
650
625
23
383
356
358
362
394
178
716
96
114
38
623
194
304
769
671
130
561
136
193
389
85
109
251
7
373
405
273
169
590
273
463
712
710
318
332
356
276
451
495
172
265
706
302
291
218
274
551
284
332
590
627
56
357
208
186
588
140
543
125
597
12
236
169
600
272
194
224
191
155
332
317
129
355
390
703
29
89
225
121
501
49
281
526
696
445
353
671
478
529
651
362
253
512
376
554
243
542
622
285
625
481
326
41
746
226
144
712
734
724
611
420
351
103
436
42
532
449
466
457
554
548
749
771
125
146
503
424
567
260
429
565
347
432
398
259
750
100
33
746
418
648
593
390
403
265
275
534
656
400
45
104
454
400
200
386
589
349
357
96
276
299
101
203
84
137
643
117
365
145
111
6.31553571695386
0.36601907805258
184
1
1
1
1
1
1
1
0
0
1
0
0
1
0
1
0
0
1
1
1
0
0
0
1
1
1
0
1
1
1
1
0
1
1
1
0
1
1
1
0
1
1
1
0
1
1
0
1
1
1
0
1
1
0
0
0
1
0
1
1
0
1
1
1
1
0
1
1
1
1
1
1
1
1
0
0
0
1
1
0
1
0
1
0
1
1
1
1
1
1
0
0
1
1
0
0
1
1
0
1
0
1
0
1
1
1
1
1
1
0
1
0
0
1
1
1
1
1
1
1
0
0
1
1
0
1
0
1
0
0
1
1
0
1
0
1
1
1
1
0
0
1
1
0
1
1
1
0
0
1
1
0
1
1
1
1
0
0
1
1
1
1
1
1
1
0
1
0
1
0
1
1
1
0
1
1
1
0
1
1
1
1
1
1
