106
178
56
72
51
25
64
62
83
88
72
92
93
78
69
31
73
68
23
48
67
71
49
94
103
92
36
103
25
24
7
97
76
78
65
49
10
0
4
94
21
31
89
22
102
44
97
29
65
106
94
103
14
28
74
92
71
28
46
60
92
96
59
92
100
13
57
15
90
47
46
48
40
94
55
73
27
59
83
28
46
73
22
13
104
78
3
28
59
2
53
100
75
106
7
7
77
63
15
83
13
75
92
38
39
74
36
84
95
72
55
50
94
32
66
10
81
54
28
15
43
1
57
22
38
104
50
14
97
106
67
98
74
70
68
68
45
58
2
102
41
3
57
61
22
65
4
7
3
4
101
93
96
62
20
78
51
94
24
68
2
26
67
38
21
13
37
71
20
17
41
96
22
67
61
39
57
8
99
61
3.94605983437755
0.24928032714851
178
1
1
1
1
1
1
1
1
1
1
0
1
0
0
1
1
0
1
1
1
1
1
1
1
1
1
1
1
1
1
0
1
1
1
1
0
1
1
1
1
1
1
1
1
0
1
0
1
1
0
1
1
1
1
1
1
1
0
0
0
1
0
1
1
1
1
1
1
1
0
1
1
1
1
1
1
1
1
1
1
1
1
1
1
0
1
1
1
1
1
1
1
0
1
0
1
0
1
1
1
0
1
0
0
0
0
1
1
1
1
1
1
1
1
0
0
0
1
1
1
1
1
1
1
1
1
1
1
1
0
0
1
1
1
0
1
0
1
0
0
1
1
1
1
1
1
1
1
1
0
1
1
1
1
1
1
1
1
1
1
1
0
0
1
1
0
1
1
1
1
0
1
0
1
0
1
1
1
