627
164
235
175
371
125
427
366
428
93
135
192
228
534
344
380
548
428
476
26
342
530
389
117
302
409
226
616
588
271
64
216
517
350
592
552
616
378
218
268
319
475
612
158
215
19
331
516
352
130
613
591
339
558
244
511
617
226
357
438
138
544
37
200
401
288
55
200
369
257
349
120
421
439
580
530
36
46
28
107
422
363
306
195
292
587
596
272
113
395
515
428
349
173
469
367
453
242
401
399
255
383
523
98
456
166
86
216
187
375
488
568
465
121
142
312
159
82
219
597
528
185
76
412
465
453
134
525
116
225
469
365
102
375
477
83
270
387
213
209
506
346
355
577
531
34
532
484
387
432
493
449
364
404
377
114
275
152
421
98
155
145
568
344
179
365
0.252028999304064
0.131556285332671
164
1
0
1
1
1
1
1
1
1
1
1
1
0
1
1
1
1
1
0
1
1
1
1
1
1
0
1
1
1
1
1
1
1
1
1
1
1
1
1
1
1
1
1
1
1
1
1
1
1
1
0
1
1
1
1
0
1
1
1
1
1
1
1
0
1
1
0
1
1
1
1
1
1
1
1
1
1
1
0
1
0
0
1
1
1
1
1
1
1
1
1
1
1
1
1
1
1
1
1
1
1
1
1
1
1
1
1
1
1
1
1
1
1
1
1
1
1
1
1
1
0
1
1
1
1
1
0
1
0
1
0
0
0
1
1
1
0
1
1
0
1
1
1
0
1
0
1
0
1
1
1
1
0
1
1
1
0
1
1
1
1
1
1
1
