824
176
130
306
58
214
46
730
156
8
508
337
392
162
359
516
298
606
820
230
754
613
204
192
400
701
785
14
739
107
253
611
192
538
377
64
174
385
694
515
577
372
312
726
204
241
380
143
629
302
664
497
157
57
93
471
512
101
488
241
608
13
678
674
593
290
802
588
478
47
689
239
148
697
572
186
359
562
171
419
474
92
646
283
561
555
516
104
74
58
40
694
406
118
262
623
183
520
807
508
419
470
159
189
138
752
317
351
661
371
314
641
749
84
752
272
597
474
456
540
558
63
197
671
636
12
14
281
509
320
650
725
209
523
374
257
298
225
410
654
10
121
653
603
649
427
597
752
37
620
207
684
51
723
65
207
548
40
186
754
59
651
663
758
345
260
434
119
280
324
258
604
249
298
800
691
617
769
9.24126041506286
0.0445426616022478
176
1
1
1
1
1
1
1
1
1
1
1
1
1
1
1
0
1
1
1
1
1
0
1
1
1
1
1
1
1
1
1
1
1
1
1
1
1
1
1
1
1
1
1
1
1
1
1
1
1
1
1
1
1
1
1
1
1
1
1
1
1
1
1
1
1
1
1
1
1
1
1
1
1
1
1
1
1
1
0
1
1
1
1
1
1
1
1
1
1
1
1
1
1
1
1
1
1
1
1
1
1
1
1
1
1
1
0
1
1
1
1
1
1
1
1
1
1
1
1
1
1
1
1
1
1
1
1
1
1
1
1
1
1
1
1
1
1
1
1
1
1
1
1
1
1
1
1
1
1
1
1
1
1
1
1
1
0
1
1
1
1
1
0
1
1
1
1
1
1
1
1
1
1
1
1
1
