412
140
8
184
282
127
145
371
369
181
271
354
100
261
149
47
104
192
19
353
87
25
345
112
343
216
116
204
35
94
69
201
106
104
27
254
365
398
341
47
221
150
42
68
77
297
70
3
312
288
141
303
229
29
301
80
93
47
102
232
120
22
263
133
383
17
344
331
15
343
3
350
85
162
54
67
102
223
5
405
230
179
166
213
201
347
214
196
46
257
196
181
215
127
134
151
398
344
334
34
289
277
286
118
347
383
44
87
228
46
277
67
82
179
334
239
149
349
91
92
222
153
299
184
352
272
202
244
157
3
49
182
239
153
67
235
18
149
180
265
375
303
1.69470062351934
0.0636756551551097
140
1
0
1
1
1
1
1
1
1
1
1
1
1
1
1
1
1
1
1
1
1
1
1
1
1
0
1
1
1
1
1
1
1
1
1
1
0
1
1
1
1
1
1
1
1
1
1
1
0
1
1
0
1
1
1
1
1
1
1
1
1
1
1
1
1
1
1
0
1
1
1
1
1
1
1
1
1
1
1
1
1
1
1
1
1
1
1
1
1
1
1
1
1
1
1
1
1
1
1
1
1
1
1
1
1
0
1
1
1
1
0
1
0
1
1
1
1
1
1
1
1
1
1
1
1
1
1
1
1
1
1
1
1
0
0
1
1
1
1
1
