941
114
402
379
264
62
487
588
5
634
679
428
872
9
192
458
53
240
224
133
410
222
913
853
255
140
110
138
515
191
813
435
487
756
539
571
146
200
373
835
486
568
125
654
153
133
118
477
220
630
795
483
554
528
36
59
784
893
350
832
671
729
35
808
767
326
381
7
620
153
565
667
570
59
562
37
441
598
171
137
733
874
470
446
157
125
697
486
29
896
915
209
87
392
660
641
292
539
648
60
729
683
682
931
336
68
510
258
340
859
665
865
448
412
34
842
7.65794871706553
0.33887968906911
114
1
1
0
1
1
1
0
1
1
1
0
1
1
0
1
0
1
1
1
1
1
1
0
1
1
0
0
0
0
1
0
0
1
1
0
0
1
0
1
1
1
0
0
1
0
1
0
1
0
1
0
1
1
0
1
0
0
0
1
0
1
0
1
1
1
0
0
1
1
1
0
1
1
1
0
1
1
0
1
0
1
1
1
0
0
0
1
1
0
1
1
0
1
1
0
1
0
1
1
1
1
1
1
1
1
1
1
0
1
0
1
1
1
0
