349
114
135
178
170
47
109
129
143
67
93
229
150
205
62
9
269
32
90
166
292
85
43
275
235
105
52
284
22
7
47
275
153
74
151
196
205
160
65
286
10
171
232
218
52
310
43
322
288
83
257
48
30
61
157
21
12
264
189
324
11
85
320
240
301
116
129
301
246
57
191
126
168
212
2
135
174
96
249
192
160
22
295
90
292
147
265
194
3
308
2
175
209
228
119
151
311
246
294
345
238
5
52
233
257
151
161
183
25
346
261
82
346
213
326
36
8.12457198207209
0.0484151222367326
114
1
1
1
1
1
1
1
1
1
1
1
1
1
1
1
1
1
1
1
1
1
1
1
1
1
1
1
1
1
1
1
1
1
1
1
1
1
1
1
1
1
1
1
1
1
1
1
1
1
1
1
1
1
1
1
1
1
0
1
1
1
1
1
1
1
1
1
1
1
1
1
0
1
1
1
1
1
1
1
1
0
1
1
1
1
1
1
1
1
1
1
1
1
1
1
1
1
1
1
1
1
1
1
1
0
1
1
1
1
1
1
1
1
1
