424
98
151
104
207
415
339
402
283
166
231
170
158
383
42
96
133
376
383
3
32
261
3
188
13
138
143
275
149
374
369
129
15
146
385
413
268
271
114
145
75
332
24
129
382
210
124
32
371
421
80
263
200
325
363
257
334
234
65
318
315
46
309
17
133
209
393
186
409
321
35
211
367
159
91
208
417
61
409
341
267
299
91
254
418
19
413
379
100
53
117
391
68
105
302
29
276
93
384
248
5.91612826682712
0.183361620759018
98
0
1
1
1
1
1
0
0
1
0
1
1
1
1
1
1
1
1
1
1
1
0
1
1
1
1
1
1
0
1
1
1
1
1
1
1
1
1
1
1
1
1
1
1
0
1
1
1
1
1
1
1
1
1
1
0
1
1
1
1
1
1
1
1
1
1
1
1
1
1
1
1
1
1
0
1
1
1
1
1
1
1
1
1
1
0
1
0
1
1
1
1
1
1
1
1
1
1
