409
134
327
137
367
36
216
319
74
96
48
302
272
339
171
97
309
383
58
279
353
345
194
193
353
396
311
314
150
266
324
409
1
350
374
393
121
115
242
107
62
314
73
87
136
325
189
124
321
157
111
230
15
320
45
107
85
152
355
113
298
272
56
84
408
58
188
238
49
213
310
166
326
213
11
272
193
361
254
93
216
335
268
56
52
362
277
318
222
384
32
296
127
320
136
66
294
83
90
236
347
261
202
92
221
36
279
135
99
139
357
26
252
255
366
274
119
384
116
24
339
124
85
253
189
200
342
201
304
77
11
388
22
3
38
309
5.44136497291042
0.187935969943707
134
1
1
1
1
1
0
1
0
1
1
0
1
0
1
1
1
1
1
1
1
1
1
1
0
1
1
1
1
1
1
0
1
1
0
1
1
0
1
0
1
1
1
0
1
1
0
1
1
1
1
1
1
1
1
1
0
1
1
1
1
1
1
0
1
0
0
1
1
1
1
1
1
1
0
1
1
1
1
0
1
0
1
1
1
1
1
0
1
0
1
0
1
1
1
1
1
0
1
1
1
1
0
0
1
1
1
1
1
1
1
1
1
1
1
0
1
1
1
1
1
1
1
1
1
1
1
1
1
1
0
0
1
1
1
