638
176
375
588
377
359
191
587
120
59
407
60
66
506
201
427
294
18
30
468
25
323
519
237
514
248
81
638
468
622
126
445
374
171
210
357
257
592
590
206
518
516
121
25
572
122
3
307
527
546
336
597
199
38
623
110
224
486
247
263
211
474
600
332
617
549
465
123
131
199
583
505
468
481
488
4
23
561
599
321
402
444
409
141
562
223
421
6
130
604
118
278
14
377
192
266
569
161
435
412
278
206
208
339
540
185
462
380
86
215
320
439
450
422
381
300
86
281
40
512
185
132
451
443
333
511
77
65
414
302
82
357
162
155
220
175
351
220
511
472
422
428
443
148
209
292
608
389
298
102
309
154
105
342
482
546
49
166
77
476
70
337
269
538
548
217
372
75
64
424
213
489
637
202
61
532
355
96
8.49924874353502
0.224395558415362
176
0
1
1
0
0
1
1
0
1
1
1
1
1
1
1
1
1
1
1
1
1
0
1
1
1
0
1
1
1
1
1
1
1
1
0
1
1
0
1
1
1
1
1
0
0
1
1
0
0
1
1
1
1
0
0
1
1
0
0
0
0
0
1
1
1
1
1
1
1
1
1
0
0
1
1
0
1
1
1
1
1
1
0
1
0
0
1
1
0
1
0
1
0
1
1
1
1
1
1
1
1
0
1
1
1
0
1
1
1
1
1
0
1
1
1
1
1
0
0
1
1
0
0
0
0
0
1
1
1
1
1
0
1
0
0
1
1
0
1
1
1
0
0
1
1
1
0
1
1
1
0
1
1
1
1
1
0
1
1
1
0
1
1
0
1
1
1
1
1
0
1
0
1
1
1
1
