989
102
549
220
142
661
351
749
443
286
18
433
742
657
343
313
267
570
39
251
98
321
370
162
636
859
686
726
435
617
856
116
568
784
11
803
477
904
295
501
210
940
375
572
487
680
570
395
889
350
583
862
871
846
939
284
397
96
831
189
665
935
484
690
454
62
833
495
160
556
325
69
393
756
128
813
34
178
360
548
873
895
964
86
905
621
422
75
9
777
362
111
260
926
23
527
937
714
150
790
779
159
938
927
0.154795237618802
0.133298322057114
102
1
1
1
1
1
1
1
0
1
1
1
1
1
0
1
0
0
1
1
1
1
1
1
1
1
1
1
1
1
1
1
1
1
1
1
1
1
1
1
1
1
1
1
1
1
0
1
1
1
0
1
1
1
1
1
1
1
1
1
1
1
1
1
0
1
1
1
1
1
1
1
1
1
1
1
1
1
1
1
1
0
1
1
1
1
1
1
1
1
1
0
1
1
1
1
1
1
1
1
1
1
1
