813
122
119
699
144
70
90
725
771
758
715
310
639
423
147
613
725
165
230
353
221
307
421
303
528
188
300
505
465
725
52
530
334
554
729
311
779
225
140
358
230
420
102
711
631
76
485
507
170
749
326
479
500
606
440
277
500
640
617
641
114
344
656
158
222
363
722
141
531
789
173
685
781
358
677
754
424
276
476
36
379
48
191
374
668
621
226
600
309
434
705
318
586
255
168
712
367
224
320
479
379
125
621
203
370
313
237
0
502
386
551
751
576
762
390
270
11
556
679
366
110
194
622
11
0.57048883104407
0.0735129491985222
122
1
1
1
1
1
1
1
1
1
1
1
1
1
1
1
1
1
1
1
1
1
1
1
1
1
1
1
1
1
1
1
1
1
1
1
1
1
1
1
1
1
1
1
1
1
1
1
1
1
1
1
1
1
1
1
1
1
1
1
1
1
1
1
1
1
1
1
1
1
1
1
1
1
1
1
1
1
1
1
1
1
1
1
1
1
1
0
1
1
0
1
1
1
1
1
1
1
1
0
1
1
1
1
1
1
1
1
1
1
1
1
1
1
1
1
1
1
1
1
1
1
1
