996
164
334
381
191
447
641
315
233
132
924
278
881
76
813
613
936
537
609
869
936
490
123
474
17
577
189
107
485
539
248
796
704
287
420
22
790
420
873
79
509
58
554
478
70
112
731
35
984
719
14
316
215
131
333
931
283
825
602
592
427
816
35
187
502
539
578
714
97
881
424
557
826
879
276
910
77
851
841
405
406
450
653
526
153
633
811
539
295
919
523
360
342
712
464
39
523
605
461
343
111
18
813
310
117
593
880
134
51
951
536
88
665
312
642
308
754
41
566
228
130
90
104
749
195
64
409
37
460
877
953
694
340
37
693
490
987
829
291
860
374
588
439
53
69
279
738
564
412
260
235
14
484
985
980
894
211
126
604
685
383
362
971
764
652
589
3.75246626174
0.31509145491666
164
1
1
1
1
0
1
1
1
0
0
0
1
1
1
1
1
1
1
0
1
1
0
0
0
0
1
0
1
1
1
0
1
1
1
1
0
1
0
1
1
1
1
1
0
1
1
0
0
1
1
0
0
1
1
0
0
1
0
1
0
0
1
0
0
1
1
1
0
0
1
1
1
1
0
0
0
0
0
0
1
1
0
1
0
1
0
0
1
0
0
1
1
0
1
1
0
0
1
1
1
0
1
1
1
0
1
0
1
1
1
1
1
1
0
0
1
0
1
1
1
1
0
1
0
1
1
1
1
1
0
1
1
0
0
1
1
0
0
1
0
1
1
1
1
1
0
1
1
1
1
1
0
0
1
1
1
1
1
1
0
1
0
1
0
