655
192
295
531
626
29
407
121
422
578
523
423
237
380
573
264
278
297
515
361
646
149
0
449
522
225
405
144
481
209
537
510
263
519
320
389
584
486
179
582
190
542
423
575
415
637
520
606
273
317
88
193
112
570
146
654
651
281
498
338
35
325
83
632
37
49
133
637
77
73
4
320
537
293
542
346
75
511
158
25
193
434
580
224
568
318
104
485
621
255
311
176
518
574
137
570
605
300
571
337
399
585
270
562
285
403
434
472
24
549
488
466
285
385
602
640
157
523
425
30
170
634
149
473
137
174
447
427
127
253
196
140
549
444
654
560
205
496
269
23
450
391
320
518
601
461
648
176
126
102
564
521
510
566
485
322
418
644
25
276
637
382
336
454
450
483
332
537
110
600
351
585
460
331
563
52
64
22
151
115
577
141
354
629
238
455
300
305
432
311
300
272
474
424
6.76346866326251
0.127156817694661
192
1
0
0
0
1
1
1
1
0
1
1
1
0
1
1
0
1
1
1
1
1
1
1
1
1
1
1
1
1
1
1
1
1
1
1
1
1
1
1
1
0
1
1
1
1
1
1
1
1
1
1
1
1
1
1
1
0
1
1
1
1
1
1
1
1
1
1
0
1
1
1
1
1
1
1
1
0
1
1
1
1
1
1
1
0
1
1
1
1
1
1
1
1
1
1
1
1
1
1
0
1
1
1
1
1
1
0
1
1
1
1
1
1
1
1
0
1
1
0
0
1
0
1
0
1
0
1
1
1
1
1
1
0
1
0
1
1
1
1
0
1
1
1
0
1
1
1
1
1
1
1
1
1
1
0
0
1
1
1
1
1
1
1
1
1
1
1
1
1
1
1
1
1
1
1
1
1
1
1
1
1
1
0
1
1
1
1
1
1
1
1
1
