922
104
148
100
170
418
329
190
148
113
17
173
398
56
579
173
346
58
579
48
362
663
743
262
403
11
665
396
340
738
231
677
182
874
614
63
867
320
760
136
916
814
651
227
838
314
153
157
711
642
819
408
142
198
179
413
169
841
52
138
1
638
482
29
774
779
208
346
68
47
592
321
472
481
789
98
219
222
375
672
115
471
211
879
895
399
429
654
45
322
624
526
745
67
316
701
165
536
519
438
35
429
313
37
557
497
1.75384509264751
0.239791222747036
104
1
1
1
0
1
0
1
1
1
0
1
1
0
1
0
0
1
0
0
1
1
0
1
1
1
1
1
1
1
1
1
1
1
1
0
1
1
1
1
1
0
1
0
1
1
0
0
1
1
1
1
1
1
1
1
1
0
1
0
1
1
1
1
0
0
1
1
0
1
1
1
0
1
0
1
1
1
1
1
0
0
0
0
1
1
0
0
1
1
1
0
0
1
1
1
1
1
0
0
1
0
1
0
1
