520
140
115
492
207
403
48
292
171
60
452
37
229
65
441
396
189
56
342
81
88
70
299
162
178
275
382
414
286
128
131
479
349
371
393
511
49
231
110
158
125
302
138
520
351
73
91
458
285
378
242
65
164
179
245
361
19
422
62
3
449
232
467
38
229
348
490
400
28
23
189
381
379
296
400
338
44
363
240
272
516
479
297
311
496
422
253
70
23
459
487
152
421
501
485
495
168
408
126
291
315
510
499
404
58
266
100
159
401
45
457
234
322
493
211
203
28
397
476
127
272
287
146
127
344
219
85
442
290
62
278
108
389
402
64
33
418
26
489
33
401
94
9.74555583353962
0.39558614817149
140
0
0
1
1
0
0
1
0
1
0
0
1
1
0
1
1
1
0
1
1
0
1
1
1
1
1
1
1
0
1
1
0
1
1
1
0
1
1
1
1
1
1
0
1
1
0
0
1
1
1
1
0
0
1
1
1
0
1
0
1
0
0
0
1
0
1
0
1
1
0
1
1
0
0
1
1
1
0
1
1
0
1
1
1
1
1
1
1
1
1
0
0
1
1
0
0
0
1
1
1
1
0
0
1
1
0
1
0
0
0
1
0
1
0
1
0
1
1
1
1
1
1
1
1
0
1
1
1
0
1
1
0
1
0
0
1
0
0
1
0
