844
112
244
448
698
679
709
387
420
316
268
246
251
360
823
585
630
130
808
504
558
42
447
551
630
72
89
84
302
447
219
87
681
104
758
177
551
61
667
196
381
80
408
158
355
291
110
264
444
190
287
541
520
0
95
26
119
172
109
808
149
562
101
71
606
651
281
777
128
327
45
412
398
234
213
817
383
49
790
548
433
353
714
236
328
7
761
221
530
53
766
375
94
186
329
34
12
238
565
621
650
655
315
217
435
719
49
647
409
171
456
94
63
401
5.4422193003369
0.235315057106703
112
0
1
1
1
1
1
0
1
1
1
0
1
1
1
0
1
1
1
0
1
1
1
1
1
1
1
1
1
1
1
0
1
1
1
1
1
1
1
1
0
0
1
1
1
0
1
1
1
1
0
1
1
0
1
1
1
1
1
0
1
1
1
1
1
1
1
1
1
1
1
1
1
1
0
0
1
1
1
1
0
0
0
1
1
1
0
1
1
1
1
1
0
1
1
1
1
1
0
1
1
0
1
0
1
0
1
0
1
1
1
0
1
