278
130
263
107
105
245
238
29
255
93
99
112
209
149
253
233
147
177
51
86
231
151
100
41
73
174
109
140
163
45
79
201
171
66
230
128
67
184
268
228
156
61
250
168
203
263
124
230
8
211
7
125
224
217
88
232
243
236
19
213
89
106
235
135
76
272
33
144
248
55
99
194
233
15
155
3
91
222
56
90
152
161
227
273
199
23
144
88
52
32
71
201
172
155
242
262
165
29
236
69
92
160
148
18
173
76
215
116
205
93
109
139
181
19
30
77
136
40
152
146
66
199
25
103
197
95
215
63
123
91
244
42
0.846120225981617
0.155146688346045
130
0
1
1
1
1
1
0
1
1
1
1
1
1
1
0
0
1
1
1
1
1
0
1
0
1
1
0
1
1
1
1
1
1
1
1
1
1
1
1
1
1
0
0
1
1
1
1
1
1
1
1
1
1
1
1
1
1
1
1
1
1
1
1
1
0
0
1
1
1
1
1
1
1
1
1
1
1
1
1
1
1
0
1
1
1
1
1
1
1
1
1
1
1
1
1
0
1
1
1
1
0
1
1
1
1
1
1
1
1
0
1
1
1
1
1
0
1
1
1
1
1
0
0
1
1
1
1
1
0
1
