688
152
684
617
397
474
57
419
673
315
596
32
182
306
7
551
525
139
521
112
250
365
306
383
336
388
191
280
543
574
446
492
366
111
641
377
368
659
489
412
548
101
643
13
601
132
672
389
132
283
262
526
125
108
20
496
382
484
469
324
373
381
514
17
551
170
298
649
536
276
373
139
496
295
510
72
526
599
179
148
686
550
126
288
385
16
507
172
361
71
328
505
54
340
105
283
127
487
258
281
319
5
54
498
170
535
153
655
598
252
351
33
356
297
539
152
622
456
413
332
302
632
126
277
525
71
481
83
27
77
213
29
164
120
418
431
16
47
367
127
102
611
103
80
361
687
87
482
92
414
593
228
415
425
3.37177003201479
0.0614347807752123
152
1
1
1
1
1
1
1
1
1
0
1
1
1
1
1
1
0
1
1
1
1
1
1
1
1
1
1
1
1
1
1
1
1
1
1
1
1
1
1
1
1
1
1
1
1
1
1
1
1
1
1
1
1
1
1
1
1
0
0
1
1
1
1
1
1
1
1
1
1
1
1
1
0
1
0
1
1
1
1
1
1
1
1
1
0
1
1
1
1
1
1
1
0
1
1
1
1
1
1
1
1
1
1
1
1
1
1
1
0
1
1
1
1
1
1
1
1
1
1
1
1
1
1
1
1
1
1
1
1
1
0
1
1
1
1
1
1
1
1
1
1
1
1
1
1
1
1
1
0
1
1
1
