368
162
148
307
210
188
22
357
167
145
135
270
74
179
133
350
361
265
318
126
116
137
125
289
264
89
109
365
252
285
287
190
128
174
70
47
176
156
64
257
104
55
247
70
166
208
334
177
294
347
230
312
103
27
92
306
360
62
10
165
305
147
147
106
44
284
151
226
212
214
115
288
125
134
119
93
195
367
261
34
180
7
243
149
118
192
352
164
54
261
96
30
84
35
171
59
358
161
157
247
4
239
314
90
97
155
153
20
33
48
109
346
368
119
208
175
306
72
161
254
234
202
25
161
363
47
366
202
95
188
173
286
308
112
240
129
5
28
280
2
361
88
246
76
189
52
338
22
128
271
167
170
274
312
271
358
84
293
17
26
169
152
208
326
9.76850743457777
0.287622996452857
162
1
1
1
1
1
1
0
0
0
1
1
0
0
1
0
0
1
0
1
0
1
0
1
0
1
1
1
1
1
1
1
1
1
1
1
1
1
1
0
1
1
0
1
1
0
1
1
0
0
1
1
1
1
1
1
1
1
1
1
1
1
0
1
1
1
0
1
1
0
1
0
1
1
1
0
1
1
0
0
0
1
0
1
0
1
1
1
1
1
1
1
0
1
1
1
1
1
1
1
1
1
1
1
1
1
1
1
0
1
1
1
1
1
1
1
1
0
1
1
0
1
1
1
1
1
1
1
1
1
0
1
1
1
1
1
1
1
1
0
1
1
0
0
1
1
1
1
0
1
0
1
1
1
1
0
1
1
1
1
1
1
1
