371
164
170
228
25
291
135
32
150
304
346
135
22
280
79
269
13
83
219
277
158
354
248
203
99
14
160
173
221
180
61
280
179
259
163
171
271
350
247
350
288
261
312
50
43
252
225
104
317
122
79
359
287
41
315
64
131
273
230
248
69
127
290
170
66
214
144
166
261
241
227
33
267
340
22
13
101
160
119
123
112
185
177
368
33
168
294
297
32
320
76
82
18
134
265
139
50
347
38
93
81
102
370
48
209
306
354
156
196
123
64
332
82
352
141
199
98
154
214
39
235
182
115
10
361
264
260
58
103
247
351
60
307
63
364
214
118
200
200
45
142
125
183
139
93
278
141
54
87
3
353
20
319
40
102
193
184
288
360
285
33
123
122
341
99
16
2.42019679374929
0.200047183145407
164
1
1
1
1
1
0
1
1
1
1
1
1
0
1
1
1
1
1
1
1
1
1
1
1
0
1
1
1
1
1
1
1
0
0
1
1
1
1
1
1
1
1
1
1
0
1
0
1
1
1
0
0
1
1
1
1
1
1
0
1
0
0
1
1
0
1
0
1
0
1
1
1
1
0
1
0
1
1
1
0
1
1
1
0
0
1
1
1
0
1
1
1
0
1
0
1
1
1
1
1
0
1
1
1
1
1
0
1
1
1
1
1
1
1
0
1
1
1
1
1
0
1
1
1
1
0
1
1
1
1
0
1
0
1
1
1
1
1
1
0
1
1
1
1
1
0
1
1
1
0
0
1
1
1
0
1
0
1
0
1
1
1
1
1
