687
88
321
293
224
395
177
219
61
252
294
238
34
110
71
333
468
433
480
644
589
32
484
649
612
241
119
150
465
309
448
508
377
323
91
265
495
680
306
538
340
289
73
404
333
401
112
665
169
296
12
409
80
358
105
14
109
315
492
482
441
520
353
418
616
390
391
482
438
333
541
677
470
579
378
529
581
69
264
105
329
201
459
686
513
188
540
586
285
611
4.01127817166728
0.131340659243242
88
1
1
1
1
1
1
1
0
1
1
1
1
1
1
1
1
1
1
1
1
1
1
0
1
0
1
0
1
0
1
1
1
1
1
1
1
1
1
1
1
1
1
1
1
1
0
1
0
1
1
1
1
1
1
1
0
1
1
1
0
0
1
1
1
1
1
1
1
1
1
1
1
1
1
1
1
1
1
1
1
1
1
1
1
1
0
1
1
