366
144
287
298
71
241
95
314
302
227
183
119
256
138
339
335
280
289
114
21
111
260
60
64
287
225
290
235
74
109
96
226
216
128
271
217
327
192
68
318
143
44
212
204
150
196
127
241
244
48
286
168
107
291
338
190
43
99
108
13
340
202
296
144
268
243
57
60
37
33
198
221
21
269
39
330
197
178
253
320
197
347
46
120
28
129
25
307
103
7
59
327
8
281
173
131
31
267
326
298
319
82
72
178
45
75
319
51
330
250
347
273
28
103
183
87
192
50
62
161
210
61
127
114
18
285
238
124
56
77
171
59
252
126
77
139
341
28
235
357
111
165
183
309
42
229
1.81909714986936
0.244604878446913
144
0
1
1
0
0
0
0
1
1
1
1
1
1
1
1
1
0
1
0
1
1
1
1
1
0
1
0
1
1
1
1
1
1
1
1
1
1
1
1
1
1
1
1
1
1
1
1
1
1
1
1
0
1
1
1
1
0
0
1
1
0
0
0
0
1
1
1
1
1
1
1
1
1
1
0
1
1
0
1
1
0
1
1
1
1
1
0
0
1
1
1
0
0
1
1
1
1
0
1
1
1
0
1
0
1
1
1
0
0
1
1
0
1
0
1
1
0
1
1
1
1
1
1
0
1
0
1
1
1
1
1
0
0
1
1
1
1
1
1
1
1
0
1
1
