754
140
81
225
618
62
570
741
109
129
293
471
177
128
500
655
99
118
442
703
689
58
328
614
106
564
718
106
210
547
255
707
149
559
256
701
595
58
688
637
237
5
36
380
204
403
323
547
279
102
498
648
736
181
716
453
637
753
205
202
427
395
610
65
675
226
489
660
490
652
549
292
594
365
673
448
264
284
89
360
129
502
252
58
672
228
677
495
26
298
618
283
221
642
386
397
485
695
99
574
641
494
514
288
190
744
205
742
542
507
226
525
471
234
145
132
159
705
99
287
467
675
754
468
17
362
165
397
677
738
238
159
587
39
231
662
159
58
386
214
652
631
9.32393874980017
0.149073028678812
140
1
1
1
1
1
1
1
1
1
1
1
1
1
1
1
1
1
1
0
1
1
1
1
1
1
1
1
1
1
1
1
1
1
1
1
1
1
1
0
1
1
1
1
1
1
1
1
1
1
1
1
1
1
1
1
1
1
1
1
1
1
1
1
1
1
1
1
1
1
1
0
1
0
1
1
1
1
0
1
1
1
1
1
1
1
1
1
1
1
1
1
0
1
1
1
1
1
0
1
1
1
1
1
1
1
1
0
1
0
1
0
1
1
1
1
1
1
1
1
0
1
0
1
1
1
1
1
1
1
1
1
1
1
1
0
1
0
0
1
1
