661
90
359
21
228
146
185
500
514
485
119
11
242
83
293
2
7
592
390
341
548
325
644
118
314
602
648
604
8
609
4
402
615
63
539
615
355
530
89
71
589
96
503
183
614
548
467
182
249
631
254
1
560
136
621
21
463
237
97
15
154
367
473
531
351
595
132
265
286
485
277
638
591
19
413
70
336
659
51
272
52
391
35
590
629
548
67
406
155
95
271
329
9.86903193953346
0.260527046903425
90
1
1
1
1
0
1
1
1
1
0
1
0
1
1
0
1
0
1
1
0
1
0
1
0
1
1
1
1
1
0
1
1
1
1
1
1
0
1
0
0
1
1
0
1
1
1
1
1
0
1
1
0
0
0
0
0
1
1
0
0
1
1
1
1
1
1
1
1
0
0
0
1
1
1
1
0
0
1
1
1
1
1
1
0
1
0
1
1
0
1
