739
186
404
131
704
562
143
331
682
424
86
476
93
494
103
637
371
35
98
242
74
665
74
520
56
361
110
635
159
438
384
106
432
270
327
300
267
407
469
526
335
271
720
315
704
534
234
148
600
375
722
249
480
25
95
72
294
601
373
68
69
664
648
102
178
709
311
140
10
560
88
307
286
155
210
407
394
327
386
380
636
212
230
31
155
185
301
563
343
702
309
718
616
684
286
714
492
449
283
146
649
207
641
406
312
734
536
443
207
249
596
73
655
80
336
518
433
112
303
506
599
56
596
681
703
718
426
127
686
489
78
23
429
308
605
337
57
327
58
650
0
371
163
586
620
61
388
72
441
359
325
657
397
527
671
521
430
164
50
61
33
338
319
325
562
627
405
409
244
152
541
539
98
248
300
488
144
421
257
310
22
67
653
726
83
157
631
68
6.65961951569273
0.217591234582038
186
1
1
1
1
1
1
1
1
1
0
0
1
1
1
1
1
1
1
1
1
1
1
1
1
1
1
1
1
1
0
1
1
0
1
0
0
0
1
1
1
1
1
1
1
1
1
1
1
1
1
1
1
0
1
1
0
1
1
1
1
1
1
1
1
1
1
1
0
1
1
0
0
1
1
1
0
1
0
1
0
0
1
0
1
1
1
1
1
1
0
0
1
1
1
1
1
0
0
1
1
1
1
0
1
1
1
1
1
1
1
1
1
1
0
1
1
1
1
1
1
0
1
1
1
1
0
1
0
1
1
1
1
1
1
0
0
1
0
1
1
1
1
1
0
1
1
0
1
1
1
1
1
1
1
1
1
1
1
1
1
1
1
1
1
1
1
1
1
0
0
1
1
0
1
1
0
1
1
1
1
1
1
1
1
0
1
