463
172
311
280
117
420
322
40
453
392
273
284
321
459
150
179
190
217
245
369
368
166
235
333
162
115
383
54
402
395
131
235
101
411
452
134
459
439
407
285
304
274
272
256
256
365
217
381
31
53
370
252
139
293
18
382
253
220
58
394
24
440
279
226
79
157
107
139
140
380
238
44
83
186
256
411
457
340
453
276
121
334
247
242
294
106
134
14
395
50
306
198
257
268
377
299
283
4
69
405
297
78
435
271
236
283
198
417
294
451
335
187
130
392
365
25
81
176
304
50
226
312
128
388
255
77
389
306
431
388
307
27
336
374
451
408
369
39
187
417
443
419
59
78
379
288
70
173
288
438
363
376
280
34
398
171
11
374
40
26
83
436
377
203
75
217
276
83
39
436
433
440
44
160
3.2847246120002
0.151144760814876
172
1
1
1
1
0
1
0
1
1
1
1
1
1
1
1
1
1
1
1
1
0
1
0
1
1
1
1
1
1
1
1
0
1
1
0
1
1
1
1
1
0
1
1
1
1
1
1
1
1
0
1
1
1
1
1
0
1
1
1
1
1
1
1
0
1
1
1
1
1
1
1
1
1
1
1
0
0
1
1
1
1
1
1
1
1
1
1
0
1
0
0
0
1
1
1
1
1
1
1
1
0
1
1
0
1
1
1
0
0
1
1
1
1
1
0
1
1
1
0
1
1
1
1
1
1
1
1
1
1
1
1
1
1
0
1
1
1
1
1
1
1
1
1
0
1
1
0
0
0
0
1
1
1
0
0
1
0
1
1
1
1
1
1
1
1
1
1
0
1
1
1
1
