620
166
68
567
19
166
211
51
130
23
2
354
442
618
462
347
587
283
136
213
123
449
118
568
490
210
435
575
512
134
263
127
342
65
219
206
183
248
234
586
519
436
186
323
290
289
499
369
215
32
484
579
576
585
6
599
406
0
312
306
577
426
464
426
82
58
552
194
129
292
448
416
610
9
607
296
187
593
483
402
298
585
438
325
16
140
47
167
385
262
35
189
573
514
512
41
9
291
259
85
479
452
425
501
549
480
473
521
408
351
332
439
22
180
262
420
604
28
373
366
423
289
244
319
455
450
478
502
66
584
49
172
510
283
187
506
307
514
614
13
44
89
125
470
104
180
82
343
338
273
10
92
71
518
27
284
601
156
554
146
517
253
412
365
388
212
282
382
2.52894215525399
0.154178661927185
166
1
1
1
1
1
1
1
1
1
0
1
0
1
1
1
0
1
1
1
1
1
1
1
1
1
1
1
1
1
1
1
1
0
1
1
0
1
1
1
0
1
1
1
1
1
1
1
1
0
1
0
0
1
1
0
0
0
1
0
1
1
1
1
1
1
1
1
0
1
1
1
1
1
1
1
1
1
1
1
1
1
1
1
1
1
1
1
1
1
0
1
1
1
1
1
1
1
1
1
1
1
1
1
1
1
1
1
0
1
1
1
1
1
1
0
0
1
1
1
1
1
1
1
1
1
1
1
1
0
1
0
1
1
1
1
0
1
1
1
1
1
1
1
1
0
1
1
1
1
1
1
1
1
1
1
1
0
1
1
1
1
1
1
1
0
1
