315
200
259
290
281
219
138
135
267
132
186
241
258
68
266
49
118
72
102
153
255
183
38
7
298
53
287
174
138
303
67
145
67
94
283
296
88
193
264
222
174
123
155
199
186
230
242
305
150
223
7
134
205
86
302
101
188
55
132
50
90
137
307
175
46
31
155
37
256
88
17
48
67
284
82
270
58
123
235
32
253
17
81
306
249
102
75
52
23
165
279
278
281
123
303
9
297
258
239
25
214
210
43
20
219
259
55
77
246
266
263
263
266
305
186
116
104
110
69
82
298
233
48
274
213
114
41
100
304
58
160
215
304
264
46
225
54
289
83
222
160
30
166
200
95
30
94
203
55
240
98
50
35
307
240
105
33
267
262
221
284
189
249
155
241
294
27
59
158
37
292
223
209
92
43
155
270
160
53
159
93
82
58
102
118
251
72
201
52
41
117
41
19
130
224
142
148
203
253
107
127
95
3.26504269885006
0.169358731115414
200
1
0
1
1
1
1
1
1
1
1
1
1
1
0
1
1
1
1
1
1
1
0
1
1
0
1
1
0
1
1
1
1
1
1
1
0
1
1
1
1
1
1
1
1
1
1
1
1
0
1
1
1
1
1
1
1
1
1
1
1
1
1
1
1
1
1
1
1
1
0
1
1
1
1
1
1
1
1
1
1
1
1
1
1
1
1
0
1
1
1
1
1
0
1
1
1
1
1
1
1
1
1
1
0
1
1
1
1
1
1
1
1
0
1
1
1
1
1
1
1
1
1
1
1
0
1
1
1
1
1
0
0
1
0
1
1
1
1
1
1
1
1
0
1
1
1
1
1
1
1
1
1
1
1
1
1
1
1
1
1
1
0
1
1
1
1
1
0
0
1
1
1
1
0
1
1
1
1
1
1
1
1
1
1
1
0
1
0
1
1
1
1
1
1
1
1
1
1
1
1
