517
138
232
149
217
167
251
144
488
268
269
357
298
102
394
100
293
330
291
89
176
353
353
482
485
343
120
421
492
310
173
305
346
239
59
371
79
425
276
111
478
3
177
512
295
267
77
113
30
61
67
450
191
234
392
107
24
259
489
91
108
160
434
500
205
446
338
402
312
482
299
26
222
223
227
379
408
62
11
223
13
188
312
357
51
502
353
21
162
282
306
269
53
511
215
388
221
172
254
329
410
74
420
116
19
23
321
68
72
255
256
275
168
70
24
509
444
101
252
290
235
479
265
484
480
152
491
333
419
18
177
173
506
391
51
483
243
463
11
89
9.45127397109699
0.29674074977871
138
1
1
0
1
0
0
1
1
0
0
1
1
1
1
1
1
1
1
1
0
1
1
1
0
1
0
0
1
1
0
1
0
1
1
1
1
1
0
1
0
1
0
1
1
1
1
1
0
1
1
0
1
1
1
1
1
1
0
1
0
1
0
1
0
1
1
1
1
1
1
0
1
0
1
1
1
1
1
1
0
1
1
1
0
1
1
1
1
0
1
0
0
1
1
1
0
1
0
0
1
1
1
1
1
1
1
0
1
1
1
0
0
1
0
1
1
0
1
1
0
0
1
1
1
0
1
0
0
0
1
0
1
1
1
1
1
1
1
