811
178
476
426
450
480
572
66
771
740
216
669
441
259
202
61
107
453
314
729
405
306
329
74
320
543
286
161
208
563
273
621
136
759
426
372
596
334
393
357
447
521
235
307
554
589
295
699
384
256
587
734
739
441
494
142
28
295
520
416
30
102
179
155
692
493
254
671
199
335
90
161
798
495
798
206
370
459
591
541
286
274
554
747
747
442
625
537
811
682
744
185
545
470
595
11
60
545
699
467
105
794
724
573
784
165
163
586
198
86
462
48
392
622
677
751
795
448
722
410
745
642
732
542
621
811
476
801
180
307
405
151
622
400
347
203
170
163
441
349
389
715
524
522
230
57
195
150
89
21
207
95
143
242
733
158
610
751
269
676
779
536
167
391
241
44
489
597
481
309
237
281
501
605
150
271
744
311
429
585
1.58572540986779
0.223139941751563
178
1
0
1
1
1
1
1
1
1
1
1
0
1
1
0
1
0
1
1
1
1
0
1
0
1
1
1
1
1
1
0
0
1
1
1
1
1
1
1
1
1
1
0
1
1
1
1
1
0
0
1
1
0
1
0
0
0
1
1
1
1
1
1
1
1
1
1
1
1
1
1
1
1
0
1
1
0
1
0
1
1
1
1
1
1
1
1
1
1
1
0
1
1
0
1
1
1
1
1
1
1
1
1
0
1
1
1
1
1
1
1
0
1
1
1
0
0
0
1
1
1
1
0
1
1
0
0
1
0
1
1
1
1
1
1
1
0
1
1
1
1
1
1
1
1
1
1
1
0
0
1
1
0
0
1
1
1
0
1
1
0
1
1
1
1
1
1
0
1
1
1
1
1
1
1
1
0
1
