695
88
186
495
549
426
543
107
691
689
105
228
295
145
676
668
257
10
428
373
634
265
538
220
693
506
471
17
41
459
435
625
74
177
568
298
262
221
226
44
369
640
150
412
613
282
535
271
528
187
206
247
93
333
492
587
197
432
327
324
56
542
78
216
546
415
611
283
472
235
256
590
422
169
109
666
692
483
57
28
81
177
436
23
557
534
644
501
411
430
1.80645587437608
0.318597534453149
88
1
0
1
1
1
1
0
1
1
1
0
0
1
1
1
1
1
0
1
1
0
1
1
1
1
1
0
0
1
1
0
1
1
1
1
1
0
0
1
0
1
1
0
1
1
1
1
0
1
1
1
1
1
0
1
1
1
0
1
1
0
1
1
1
1
1
1
1
0
1
1
1
0
1
0
0
1
1
1
0
0
1
0
0
1
1
1
1
