569
164
16
112
160
306
523
263
289
437
519
534
568
62
225
362
137
274
40
249
6
567
521
96
513
524
528
88
346
541
386
64
517
212
156
23
284
26
405
398
74
508
362
5
391
406
413
87
310
30
198
105
301
168
516
143
448
468
479
50
28
376
113
178
185
70
370
435
252
367
404
253
35
289
563
550
567
490
404
261
450
490
304
294
197
479
531
361
388
149
27
277
214
22
255
270
16
41
413
97
259
95
211
187
349
107
233
187
194
311
62
520
322
126
391
569
372
163
403
216
374
501
71
250
283
110
39
24
146
98
503
1
435
410
297
135
569
32
100
534
52
100
386
404
50
207
200
314
314
172
67
82
174
563
32
442
237
522
358
333
509
528
244
24
219
399
5.65730843338828
0.183092066239016
164
1
1
0
1
1
1
1
1
0
1
1
1
0
1
1
1
1
0
0
0
1
0
0
1
1
1
0
1
1
1
1
1
1
1
1
1
1
1
1
1
1
1
1
1
1
0
1
1
1
0
1
1
1
1
0
1
1
1
1
1
1
1
1
1
1
1
1
1
1
1
1
1
1
1
1
1
1
0
0
0
1
1
1
1
1
1
1
1
1
0
1
1
1
0
1
1
1
1
1
1
1
1
1
1
1
0
1
1
1
1
0
1
1
1
1
1
1
1
1
1
1
1
0
1
1
1
1
1
0
1
1
1
1
1
1
0
1
1
1
0
1
1
1
1
1
0
1
1
0
1
1
1
0
1
1
1
0
1
1
1
1
0
1
0
