166
178
85
15
17
80
59
144
99
115
88
35
46
51
84
99
71
145
133
105
121
42
104
67
65
127
150
105
7
4
130
121
152
30
1
152
44
28
154
33
97
57
117
7
101
38
92
48
62
67
117
119
82
22
125
68
19
129
18
3
130
87
34
4
23
30
129
118
2
56
37
85
10
45
161
85
17
43
20
2
99
155
66
29
1
103
106
7
83
147
15
162
72
147
159
77
153
33
54
85
88
22
113
12
69
138
81
25
141
118
126
116
41
120
16
32
99
110
124
20
82
73
116
95
110
42
114
55
100
140
159
113
116
132
22
17
49
142
95
126
165
62
0
3
51
156
107
63
136
120
74
154
87
118
130
165
46
70
134
105
166
123
112
3
50
92
135
47
24
36
46
101
126
48
100
139
138
44
149
35
6.58486996354364
0.199281160960472
178
1
0
1
1
1
1
1
1
1
1
0
1
1
1
0
1
1
1
1
1
1
1
1
0
1
1
1
0
1
1
0
0
0
1
1
1
1
1
1
1
1
1
1
1
1
1
1
0
1
1
1
1
1
1
1
0
1
0
0
1
0
1
1
1
0
1
0
1
1
1
1
1
1
1
1
1
0
1
0
1
1
1
1
1
1
1
1
0
1
1
1
1
0
1
1
1
1
0
0
1
1
1
1
1
1
1
1
0
1
1
0
1
1
1
1
1
0
1
1
0
0
1
0
0
1
1
0
0
1
1
1
1
0
1
1
1
1
1
0
1
0
1
0
0
1
1
1
0
1
1
1
1
1
1
1
1
1
1
0
0
0
1
1
1
1
1
1
1
1
0
1
1
1
0
1
1
1
1
