215
120
18
181
93
84
91
146
84
203
49
34
33
142
33
160
77
50
129
161
91
10
63
21
77
37
120
130
157
136
58
103
175
175
20
100
14
107
122
1
180
179
179
76
39
76
144
96
98
164
160
16
90
137
182
129
119
13
132
110
205
195
85
179
36
26
195
52
99
173
59
80
212
171
150
148
129
114
163
72
135
16
68
132
98
168
98
153
158
11
113
174
159
122
20
147
95
100
134
214
154
127
134
138
170
85
38
121
34
208
208
2
52
1
36
117
203
186
6
97
188
133
1.18865672079463
0.138849033566863
120
1
1
1
1
1
1
1
1
1
1
1
1
1
1
0
1
1
0
1
1
1
1
1
0
1
1
1
1
1
1
1
1
1
1
1
1
0
1
0
1
1
1
1
0
1
1
1
1
1
1
1
1
1
1
0
1
1
1
1
1
1
1
1
1
1
1
1
0
1
1
0
1
1
1
1
1
1
1
1
1
1
1
1
1
1
1
1
1
1
1
1
1
0
1
1
1
0
1
1
1
0
1
1
1
1
1
1
0
1
1
1
1
1
1
1
0
1
1
1
0
