700
200
183
368
355
4
501
231
494
333
694
342
91
122
430
635
447
671
335
494
599
594
186
176
678
597
617
115
274
508
440
243
1
504
47
286
272
334
409
508
391
17
166
474
539
391
527
683
176
425
490
248
578
601
273
476
225
214
262
631
211
683
221
343
625
528
668
185
32
245
123
599
376
698
255
216
132
256
401
231
288
619
305
634
284
169
193
111
219
253
606
478
543
201
615
559
24
695
545
508
614
511
31
341
174
91
35
20
337
535
636
81
628
317
46
60
269
399
442
427
677
551
446
403
411
134
488
183
526
415
226
249
17
31
600
166
586
61
384
691
294
375
54
334
171
63
143
9
311
639
39
433
121
343
219
392
274
38
283
286
478
129
163
412
385
252
680
191
507
611
447
287
315
318
116
356
485
182
412
260
567
355
66
81
315
80
279
212
249
108
349
656
664
649
104
144
496
73
362
369
442
2
5.64006705829912
0.358185388183875
200
1
1
1
1
0
1
0
1
0
1
0
0
0
0
1
0
1
1
1
1
1
1
1
1
1
1
1
0
1
1
1
1
1
1
1
0
1
1
1
1
0
1
0
1
1
0
0
1
1
1
0
0
0
0
1
1
0
1
1
1
0
1
1
1
1
1
1
0
0
0
1
1
0
1
1
1
0
0
1
1
0
1
1
0
0
0
0
0
1
1
1
1
1
1
1
0
1
0
0
0
0
1
1
0
0
1
1
0
1
1
0
0
0
1
0
1
1
0
1
0
1
1
0
1
1
1
0
1
0
1
0
1
1
1
1
1
1
0
1
1
1
1
1
1
1
0
0
1
1
0
1
1
0
1
0
1
1
1
0
1
0
0
1
1
1
1
0
1
1
0
1
0
1
0
0
0
0
0
1
0
1
0
1
1
1
1
0
1
0
0
0
1
1
1
1
1
1
1
1
0
