607
88
533
411
201
124
585
162
57
483
26
53
299
249
500
382
366
174
290
314
383
593
245
471
111
389
273
155
328
578
127
313
70
586
274
31
461
217
146
458
343
134
100
40
47
493
99
293
111
40
282
189
226
219
388
212
589
403
468
346
456
314
432
288
19
128
584
442
577
43
107
481
577
477
220
357
172
137
463
20
510
224
87
290
340
604
607
254
579
386
0.739698948128319
0.100446021674975
88
1
1
1
1
1
1
1
1
1
1
0
0
1
1
1
1
1
1
1
1
1
1
1
1
1
0
1
1
1
0
1
1
1
1
1
0
1
1
0
1
0
1
1
1
1
1
1
1
1
1
1
1
1
1
1
1
1
1
1
0
1
0
0
1
1
1
1
1
1
1
1
1
1
1
1
1
1
0
1
1
1
1
1
1
0
1
1
1
