349
150
329
37
143
93
260
91
171
185
316
199
337
167
108
63
121
220
303
241
184
30
265
64
108
155
208
291
194
147
75
1
119
61
292
334
320
229
123
327
180
217
228
134
257
16
236
289
323
43
140
20
135
177
139
187
298
94
53
329
297
284
189
84
124
321
57
155
165
220
67
51
84
6
65
318
92
61
190
162
155
81
26
296
251
190
155
38
137
276
172
198
48
142
51
100
22
11
155
195
299
134
260
149
1
214
248
17
12
270
148
209
326
196
187
49
84
172
23
290
224
95
79
277
41
217
266
48
226
266
217
17
33
226
214
239
163
282
209
93
338
13
280
151
165
139
349
97
165
156
343
282
1.65699057314099
0.0516881957239285
150
1
1
1
1
1
1
1
1
1
1
1
1
1
1
1
1
1
1
1
1
1
1
1
1
1
1
1
1
1
1
1
0
0
1
1
1
1
1
1
1
1
1
1
1
1
1
1
1
1
1
1
1
1
1
1
1
1
1
1
1
1
1
1
1
1
1
1
1
1
1
0
1
1
1
1
1
0
1
1
1
1
1
1
1
1
1
1
1
1
1
1
1
1
1
1
1
1
1
1
1
1
1
1
1
1
1
1
1
1
1
1
1
1
0
1
1
1
1
1
1
1
1
1
1
1
1
1
0
1
1
0
1
1
1
1
1
1
0
1
1
1
1
1
1
0
1
1
1
1
1
