351
148
70
214
350
105
211
143
129
207
1
61
114
89
166
313
344
94
48
273
269
47
167
248
165
3
152
84
59
243
302
306
199
40
90
153
22
302
225
186
349
221
251
84
32
207
99
243
286
157
220
221
241
339
286
52
250
194
317
279
163
38
136
59
260
257
65
179
258
173
329
34
60
129
255
20
39
300
310
32
44
135
341
136
99
247
116
233
92
158
44
82
340
237
135
13
18
129
94
103
215
191
323
227
281
340
130
254
291
32
143
88
326
246
189
172
333
67
220
146
226
41
258
24
174
226
196
250
19
309
240
5
68
161
185
190
84
34
110
247
179
292
8
98
130
318
100
309
59
111
0.00617321554244099
0.225694548826181
148
1
1
1
0
1
0
1
1
1
1
1
1
1
0
1
0
1
1
1
1
1
1
1
1
0
1
1
1
1
1
0
1
1
1
1
1
1
1
0
0
0
1
0
1
1
0
1
1
1
1
0
0
1
0
0
1
1
1
1
0
1
1
1
1
1
1
0
1
1
1
1
0
1
1
1
1
1
1
1
1
1
1
1
1
0
0
1
1
1
0
1
1
1
0
0
1
0
1
1
0
1
1
1
1
1
1
1
1
1
0
1
1
1
1
1
1
1
1
0
1
0
1
1
1
1
1
1
1
1
1
1
1
1
1
0
1
1
1
1
1
1
0
1
1
1
1
1
0
