163
138
102
55
38
143
22
102
103
71
73
114
3
79
21
162
67
121
26
61
150
67
33
53
31
128
61
64
153
144
44
77
81
138
132
138
85
21
100
148
59
50
51
95
71
37
48
155
34
137
33
115
77
27
31
159
16
160
133
113
54
87
9
124
77
139
152
95
37
141
76
85
42
123
98
42
161
104
141
37
78
125
12
30
11
60
119
111
6
56
1
118
113
115
118
57
79
139
127
60
88
54
50
157
134
91
60
22
72
87
21
66
140
87
115
8
60
151
129
23
139
52
114
4
138
118
122
68
75
157
103
23
145
153
34
20
36
56
14
135
6.59506533723176
0.190161023238554
138
1
0
1
1
0
1
1
1
1
0
1
0
1
0
0
1
0
1
1
1
1
1
1
1
1
0
1
1
1
1
0
1
1
1
1
1
0
1
1
1
1
1
0
1
1
1
1
0
0
1
1
1
1
1
1
1
1
1
1
1
1
1
0
0
1
1
1
0
0
0
0
1
1
1
1
1
1
1
1
0
1
1
1
1
1
1
1
1
0
0
1
1
1
1
1
1
0
1
1
1
1
1
1
0
1
1
0
1
0
0
1
1
1
1
1
1
1
1
0
1
1
1
1
0
1
1
1
1
1
0
1
0
1
1
1
1
1
1
