257
106
179
174
4
56
213
110
114
6
135
150
104
79
178
20
89
164
5
82
81
61
49
138
65
246
165
156
79
249
192
132
168
46
202
157
91
208
71
54
24
184
227
149
39
115
239
83
71
182
17
228
14
151
252
93
225
42
75
228
167
100
22
192
242
235
28
67
253
161
157
231
254
42
18
133
186
213
156
137
120
108
257
18
173
31
198
55
51
140
6
38
91
25
6
147
40
249
234
35
257
46
35
63
3
4
247
109
9.44694584906616
0.203502287789726
106
0
1
1
0
1
1
1
1
1
1
1
1
1
0
1
1
0
1
0
1
0
1
1
1
1
1
0
1
0
1
0
1
1
0
1
1
1
1
1
1
1
1
1
1
1
0
1
1
0
1
1
1
1
1
1
1
1
1
1
0
1
0
1
0
1
1
1
1
1
1
1
0
1
0
1
1
1
1
0
1
1
1
1
1
1
1
1
1
1
1
1
1
1
1
1
1
1
1
1
1
1
1
1
0
0
1
