657
118
521
386
67
444
295
431
623
627
640
442
17
242
110
247
243
367
8
33
503
183
599
164
540
113
117
481
414
336
42
53
133
357
196
18
29
173
274
508
178
428
186
136
491
521
441
627
486
626
368
42
410
640
432
553
94
261
25
398
263
419
258
371
446
214
529
115
614
587
469
174
442
511
382
451
30
245
404
239
109
94
71
493
12
196
12
617
454
173
59
42
399
570
370
248
387
2
629
228
578
373
351
419
361
575
492
516
168
223
523
136
488
645
294
653
567
628
389
489
1.84923543679984
0.115308463279177
118
0
1
1
1
1
1
1
1
1
1
1
1
1
1
1
1
0
1
1
1
1
1
1
1
1
1
1
1
0
0
1
1
1
1
1
1
0
1
1
1
1
1
1
1
0
1
1
1
1
1
1
1
1
0
1
1
0
1
1
1
0
1
1
0
1
1
1
1
0
1
0
1
1
1
0
0
1
0
1
1
1
1
0
1
0
1
1
1
1
1
1
1
0
0
1
0
1
0
1
1
1
1
1
1
1
1
1
1
0
1
1
1
1
0
1
1
1
1
