884
196
826
788
88
656
315
537
648
224
322
515
784
73
608
809
61
808
749
387
81
4
384
286
671
681
844
566
202
835
254
128
224
291
779
740
127
177
815
795
440
501
567
66
844
572
382
652
882
160
417
542
183
80
176
557
12
253
607
769
115
42
366
102
245
363
297
177
797
706
863
706
277
809
522
464
725
291
71
859
347
48
189
649
584
0
439
854
381
103
761
235
540
637
21
665
92
488
14
266
167
483
620
191
658
362
526
618
668
484
767
288
403
285
834
366
367
225
373
390
601
330
757
369
680
768
577
259
145
554
126
424
696
645
807
150
626
452
0
703
700
182
368
112
855
872
865
721
571
286
612
659
147
696
398
647
411
673
785
417
653
579
321
531
39
864
497
369
114
729
721
106
588
850
100
575
18
402
645
2
64
252
809
847
288
542
700
210
853
294
631
470
744
696
480
574
478
508
3.68831617109974
0.267085208339584
196
0
1
1
1
0
1
1
1
0
0
1
1
1
1
1
1
1
1
1
1
1
0
1
1
0
1
1
0
1
0
1
1
0
0
0
1
1
1
0
0
1
0
0
0
1
1
0
1
1
1
1
1
1
1
1
1
1
1
1
0
1
1
1
1
1
1
1
1
0
1
1
0
0
0
1
1
1
1
1
1
1
0
1
1
0
1
1
1
1
1
0
1
1
1
1
1
1
1
0
1
1
1
0
1
1
0
1
1
1
1
1
1
1
0
0
1
0
0
1
1
0
1
1
1
1
1
1
1
1
0
1
0
1
1
1
1
1
1
0
1
1
1
0
1
1
1
1
1
1
1
0
0
1
1
0
0
1
0
1
1
1
0
0
0
1
0
0
1
1
1
1
1
0
1
1
1
0
1
1
1
0
1
0
1
1
1
1
1
0
1
1
1
1
1
1
0
