262
154
218
43
173
116
74
114
146
243
29
18
131
231
19
199
193
8
48
45
182
171
65
108
100
7
108
194
94
106
125
166
242
105
262
251
260
40
229
109
219
51
196
2
156
196
262
22
232
16
243
122
232
66
192
12
117
223
123
53
28
239
86
182
45
211
132
244
220
134
210
139
162
17
255
148
153
227
115
201
18
14
139
7
202
155
247
34
128
126
104
18
15
140
235
153
190
15
41
60
118
198
224
121
111
18
221
133
149
105
163
63
208
253
28
212
161
251
146
93
40
93
101
5
217
182
196
223
218
126
75
255
94
62
123
4
254
173
231
153
174
42
155
208
170
215
136
162
136
254
30
144
110
222
235
181
3.94549922117007
0.101268331267715
154
1
1
1
1
1
1
1
1
1
1
1
1
1
1
1
1
1
1
1
1
1
1
1
1
1
1
1
1
0
0
0
1
1
1
1
0
1
1
1
1
1
1
1
1
0
1
1
1
1
1
1
0
1
1
1
1
1
1
1
1
1
1
1
1
1
1
1
0
1
1
1
0
1
1
1
1
1
0
1
1
1
1
1
1
1
1
1
1
1
1
1
1
1
1
0
1
1
1
1
1
1
1
1
1
1
1
1
1
1
1
0
1
1
0
1
1
1
1
1
1
1
1
0
0
0
1
1
1
1
1
1
1
1
1
1
0
1
1
1
1
1
1
1
1
1
1
0
1
1
0
1
1
1
1
