992
108
120
120
875
487
829
799
456
358
683
231
424
855
506
276
242
470
594
383
639
448
236
734
989
278
968
446
738
759
150
793
411
979
199
549
693
276
118
323
974
804
212
637
42
407
318
307
250
766
749
194
118
130
681
125
273
497
224
634
306
176
955
687
360
53
404
607
988
661
975
408
962
314
423
500
668
234
405
18
651
483
363
749
495
441
288
807
134
557
757
840
240
410
178
171
974
187
455
396
405
58
120
828
398
285
899
424
737
13
3.05834166397424
0.222134443365046
108
0
0
0
1
0
1
1
1
1
0
1
1
1
1
1
1
1
1
1
1
1
1
1
1
1
0
1
0
1
1
0
0
1
1
0
1
1
1
1
1
1
0
0
1
1
1
1
1
1
0
1
0
1
1
1
1
1
1
1
1
1
1
1
1
1
1
1
1
1
1
1
1
1
0
1
1
1
1
1
1
1
1
1
1
0
0
1
1
0
0
1
0
1
1
1
1
0
1
1
0
1
1
1
1
1
1
1
0
