605
136
378
311
423
481
473
200
493
59
122
504
342
55
206
96
346
449
573
201
0
502
52
544
522
586
559
292
387
584
467
469
342
186
450
246
442
417
423
516
318
350
203
75
558
538
338
464
42
137
164
321
543
161
512
21
435
569
51
446
195
484
33
546
119
321
535
432
417
603
395
74
211
308
95
139
247
414
491
37
410
143
278
385
416
48
423
165
399
563
42
194
96
4
445
150
528
527
294
407
223
516
425
380
605
367
461
51
324
411
47
286
582
237
204
274
404
265
34
153
177
151
353
310
414
430
242
440
423
278
88
263
260
474
330
316
125
25
2.08533306679255
0.21092512109531
136
1
1
1
1
1
1
1
1
1
1
1
1
1
0
1
1
1
0
0
1
0
1
0
0
1
1
1
0
1
1
0
1
1
0
1
1
1
1
1
1
1
0
1
0
1
1
1
1
1
1
1
0
1
0
1
1
1
1
1
1
1
1
1
1
1
1
1
1
1
1
1
1
1
1
0
1
0
0
1
1
1
1
1
1
1
1
1
1
1
1
1
1
1
0
1
1
1
1
1
1
1
1
1
1
1
0
1
1
1
0
1
0
1
1
1
0
1
1
1
1
1
1
1
0
1
1
1
1
1
1
1
1
1
1
1
1
