417
136
357
289
389
39
352
341
127
402
82
232
134
196
394
406
402
407
137
129
189
81
36
284
394
34
10
113
63
197
78
36
65
204
369
52
63
14
192
87
116
392
53
110
122
256
121
273
39
134
36
98
389
232
88
10
237
91
193
226
227
122
34
66
51
144
189
110
235
311
229
332
242
209
65
33
61
19
233
137
45
349
275
339
405
154
362
95
113
385
172
417
271
111
58
389
328
15
322
335
230
195
346
274
219
282
198
27
29
132
334
177
269
77
95
0
383
54
9
340
216
262
73
268
384
217
35
89
274
233
220
152
43
335
378
346
328
35
5.2311788868367
0.150825542968774
136
1
1
1
0
1
1
0
0
0
1
1
0
1
1
1
1
0
1
1
1
1
0
1
1
0
1
1
1
1
1
1
1
1
1
1
1
1
1
1
1
1
1
0
1
1
0
1
1
1
1
1
1
1
0
0
1
0
1
1
1
1
1
1
1
1
1
1
1
1
1
1
1
1
1
1
1
1
1
1
1
0
1
1
1
1
1
1
1
1
0
1
1
1
1
1
1
1
1
1
0
1
1
1
1
1
1
1
1
0
1
1
1
1
0
1
1
1
1
1
1
1
1
0
1
0
1
1
1
0
1
1
1
1
1
1
0
