604
104
372
490
326
507
162
551
11
554
194
574
129
436
212
236
590
5
264
150
295
203
502
65
156
82
139
374
22
273
44
440
533
173
157
400
416
131
338
81
61
109
192
424
273
450
28
529
167
85
391
494
197
455
469
154
327
286
50
360
280
247
193
551
578
470
91
534
273
481
351
40
391
176
139
598
402
266
338
486
37
80
508
192
96
212
103
26
150
383
323
406
381
172
569
252
3
279
513
437
247
190
475
577
526
136
9.75863016203159
0.174531247280437
104
0
1
1
1
1
1
1
0
1
1
1
1
1
1
1
1
1
1
1
1
1
1
1
1
1
0
0
1
1
1
0
1
1
1
0
1
1
1
0
1
1
1
1
1
1
1
1
1
1
0
1
1
1
1
0
1
0
1
1
1
0
1
0
1
1
1
0
1
0
0
1
1
1
1
1
1
1
1
1
1
1
1
1
1
1
0
1
1
1
1
0
1
0
1
1
1
1
1
1
1
1
1
1
0
