848
86
134
343
819
337
89
60
108
511
49
178
389
803
184
133
239
297
239
702
787
752
832
256
319
841
595
39
85
697
387
703
389
700
145
751
12
466
121
196
529
207
300
71
232
64
777
358
0
390
622
221
757
736
269
252
718
133
376
757
290
654
108
237
681
378
841
26
832
83
69
293
782
287
627
739
509
232
128
234
80
324
631
709
527
192
417
560
1.0149158700422
0.396418302502122
86
1
1
0
1
0
1
0
0
1
0
0
1
1
0
0
1
0
0
0
1
1
1
1
0
1
0
0
1
1
0
1
1
0
1
1
1
1
0
1
1
0
1
1
1
1
0
1
0
0
0
1
0
1
1
1
0
1
0
0
0
0
0
0
1
1
1
0
1
1
0
1
1
1
1
0
0
1
1
1
0
1
1
1
1
1
1
