891
100
530
32
252
730
417
511
247
861
347
556
686
407
748
14
801
328
17
542
156
242
703
545
384
635
514
0
728
230
61
615
449
608
341
602
333
641
758
72
811
857
156
130
264
564
408
676
31
395
10
841
768
103
587
888
520
336
13
810
46
163
443
135
678
879
496
746
765
499
866
180
219
27
279
583
867
879
851
168
120
807
449
745
376
348
233
223
858
740
315
485
72
476
79
445
734
710
857
250
312
437
2.36992713251062
0.126891674129518
100
1
1
1
0
1
1
1
1
1
1
1
1
1
1
1
1
1
1
1
1
1
1
0
1
0
1
1
0
1
1
1
1
1
1
1
1
1
0
1
1
1
1
1
1
0
0
1
1
1
1
1
0
1
1
1
1
1
1
1
1
0
0
1
1
1
1
1
1
1
1
1
1
1
1
1
1
1
1
1
0
1
1
1
1
1
1
1
0
1
1
1
1
1
0
1
1
0
1
1
1
