972
112
370
815
430
621
268
630
233
656
2
856
282
528
14
116
775
544
436
258
524
216
265
919
694
100
427
39
263
263
955
602
634
950
506
176
138
793
135
624
465
951
490
579
153
493
585
65
92
827
659
525
431
786
485
178
927
596
161
173
583
713
435
228
807
38
362
442
447
678
602
354
762
799
925
169
607
647
321
882
233
379
341
250
156
970
890
739
661
542
430
113
55
226
442
45
162
116
623
163
197
28
118
128
636
65
776
289
694
233
344
464
141
960
3.27856824225117
0.204053260698551
112
0
1
1
1
0
1
1
1
1
1
1
1
1
1
1
1
0
1
1
1
0
1
1
1
1
1
1
1
1
0
0
1
0
1
1
0
1
0
1
1
1
1
0
1
1
1
1
0
1
1
1
1
0
1
1
1
1
0
1
1
1
1
0
1
0
1
0
1
1
1
1
1
0
1
1
1
1
1
0
1
1
1
1
1
1
1
1
0
1
1
1
1
1
0
1
1
0
1
1
1
1
1
1
1
1
1
1
1
1
1
1
1
