933
130
99
346
14
57
888
839
124
184
567
858
594
547
724
273
691
361
151
903
59
886
113
78
587
896
881
594
375
785
484
863
834
545
423
244
87
386
750
10
848
482
741
911
831
406
183
60
249
932
725
76
647
738
484
314
896
864
395
353
810
664
618
122
771
892
833
165
641
793
9
782
828
112
571
417
237
503
57
549
729
460
30
299
901
186
706
209
654
341
473
656
84
917
163
714
233
672
547
932
677
383
676
621
276
396
818
541
846
521
531
268
904
221
558
299
449
645
509
804
710
176
491
133
425
616
904
440
327
7
419
704
6.90273571611162
0.387121086722856
130
1
0
0
1
1
0
1
0
0
0
1
1
1
1
0
0
0
0
1
1
1
0
0
1
1
1
0
0
1
1
1
0
0
0
1
1
0
1
0
1
1
1
1
1
0
1
0
1
1
0
1
1
0
1
1
0
1
1
0
0
0
1
1
0
1
1
1
0
1
1
1
1
1
1
1
0
0
1
1
1
0
0
1
1
0
1
0
0
0
1
0
1
1
0
1
0
0
1
0
1
1
0
0
1
1
0
0
1
1
1
0
1
1
0
0
1
0
1
0
1
0
1
1
1
1
1
1
0
1
0
