599
168
372
488
385
228
447
300
472
338
205
440
84
397
506
138
81
464
338
314
92
462
476
105
577
502
73
569
451
411
111
0
466
524
210
548
401
425
177
211
297
406
247
51
372
251
565
271
365
264
63
539
541
541
70
174
3
310
137
473
550
419
409
450
483
274
227
25
219
167
481
144
231
295
37
232
389
534
488
588
256
586
292
178
97
13
169
541
112
206
87
401
516
478
334
434
63
174
252
328
368
547
220
368
241
189
77
484
21
466
475
390
376
449
386
215
7
431
249
188
587
30
180
352
423
336
21
220
344
589
510
575
327
567
281
476
345
455
462
144
309
326
337
322
261
490
568
380
161
188
499
549
269
132
432
294
446
503
363
235
434
32
466
212
555
86
505
161
147
176
3.99940106530118
0.0477117821517034
168
1
1
1
1
1
0
0
1
1
1
1
1
1
1
1
1
1
1
1
1
1
1
1
1
1
1
1
1
1
1
1
1
1
1
1
1
1
1
1
1
1
1
0
1
1
1
1
1
1
1
1
1
1
1
1
1
1
1
0
1
1
1
0
1
1
1
1
1
1
1
1
1
1
1
1
1
1
1
1
1
1
1
1
1
1
1
1
1
1
1
1
1
1
1
1
1
1
1
1
1
1
1
1
1
1
1
1
1
1
1
1
1
1
1
1
1
1
1
1
1
1
1
1
1
1
1
1
0
1
1
1
1
1
1
1
1
1
1
1
1
1
1
1
0
1
1
1
1
1
1
1
1
1
1
1
1
1
1
0
1
1
1
1
1
1
1
0
1
