373
126
173
373
167
132
229
244
53
292
91
18
320
164
165
128
33
202
63
275
356
321
18
351
264
125
340
61
218
296
234
257
323
154
238
159
287
62
77
70
223
203
370
324
137
243
27
148
75
163
353
264
255
246
165
114
31
150
305
360
285
61
120
355
87
106
272
171
348
185
305
257
95
268
148
163
358
322
331
151
296
99
224
55
142
108
110
69
354
332
345
85
313
1
47
129
41
339
70
211
229
351
141
137
70
34
3
133
323
62
214
343
310
116
164
177
221
325
104
38
324
36
62
305
103
125
291
285
5.2440668671055
0.0626935778161035
126
1
1
1
1
1
1
1
1
1
1
1
1
1
1
1
1
1
1
1
1
0
1
0
1
1
1
1
1
1
1
1
1
1
1
1
1
1
1
1
1
1
1
1
1
1
1
1
1
1
1
1
1
1
1
1
1
1
1
1
1
0
1
1
1
1
1
1
1
1
1
1
0
1
1
1
1
1
0
1
1
1
1
1
1
1
1
1
1
1
1
1
1
1
1
1
1
1
1
1
1
0
1
1
1
1
1
1
1
1
1
1
1
1
1
1
1
1
1
1
1
1
1
1
1
1
1
