130
156
101
66
3
97
48
20
80
65
97
130
43
106
83
115
7
101
98
70
46
67
23
73
107
53
39
8
82
79
39
122
127
94
29
94
117
100
126
96
40
100
102
111
9
76
65
78
126
118
78
77
85
45
55
95
91
78
84
39
8
82
103
105
8
51
121
38
15
120
53
105
90
43
31
89
54
10
105
124
38
1
95
45
26
110
9
1
115
106
120
27
102
108
91
38
126
55
3
45
10
75
75
120
43
124
57
63
49
14
72
10
64
66
75
89
57
80
113
24
98
41
95
112
36
62
24
43
99
51
121
43
6
74
91
35
115
6
98
81
106
50
108
28
127
81
57
73
10
111
2
63
29
33
117
32
100
65
2.61644213373912
0.396495768833452
156
0
1
1
0
1
0
1
1
1
1
0
1
1
1
0
1
1
0
1
1
1
1
0
0
1
0
1
1
0
1
1
0
1
1
0
0
1
1
0
1
1
1
1
1
0
1
1
0
1
1
1
1
1
0
1
0
0
0
1
0
0
1
0
1
0
1
1
1
1
0
1
0
1
0
1
1
0
1
1
1
1
1
1
1
1
1
0
1
1
0
1
1
1
0
1
1
1
1
0
1
1
0
1
1
1
1
0
1
0
1
1
1
1
1
0
0
0
1
0
0
1
0
1
1
1
1
1
1
0
0
0
1
1
0
0
1
1
1
1
0
1
1
1
0
1
0
0
0
1
1
0
0
0
1
1
1
