500
128
47
295
269
161
83
116
142
104
26
325
98
265
238
126
407
14
163
275
240
26
226
3
106
361
482
174
312
308
260
332
101
343
160
28
436
27
163
341
478
395
41
167
278
385
98
268
497
404
114
90
79
243
239
20
32
18
234
19
176
131
328
108
18
191
427
284
390
284
283
479
226
192
341
399
252
244
474
186
464
440
404
98
43
362
302
139
278
286
450
171
323
387
429
178
209
313
442
1
285
195
294
191
466
380
134
415
381
409
254
311
320
158
204
119
69
452
340
148
192
396
291
148
302
286
431
487
444
125
3.81816343613122
0.235845308709059
128
1
1
1
1
1
0
1
0
1
1
1
0
1
0
1
0
1
0
0
1
1
1
1
1
1
1
0
0
1
0
1
1
0
0
1
1
0
1
1
1
1
0
1
0
1
1
0
1
1
0
0
1
0
1
0
1
1
1
1
0
1
1
1
1
1
1
0
1
1
0
0
1
1
1
1
1
1
0
0
1
1
1
1
1
0
1
1
1
1
0
1
1
0
1
1
1
1
1
1
1
1
1
1
1
1
0
1
1
1
0
1
0
1
0
1
0
0
1
1
1
1
1
0
0
1
1
1
1
