314
86
291
314
156
65
209
134
213
271
189
244
255
151
243
166
129
0
9
69
237
32
153
124
64
81
29
226
279
141
139
114
49
159
84
43
89
243
68
27
98
136
70
273
65
291
128
199
252
5
146
75
44
314
150
259
87
190
262
123
60
293
108
311
13
240
28
259
284
197
4
111
112
269
312
122
83
261
51
82
304
284
88
243
223
147
240
79
3.07747500379843
0.237630810690675
86
0
1
0
1
0
0
1
1
1
0
0
0
1
1
1
0
1
1
1
1
1
1
1
1
1
0
1
1
1
1
0
1
0
0
1
0
0
1
1
1
1
1
1
0
0
1
1
0
1
1
1
1
1
0
1
1
1
1
1
1
1
1
0
1
0
1
1
0
1
1
1
0
1
0
1
1
0
1
1
1
1
0
1
1
0
0
