822
192
235
61
523
315
820
777
761
755
417
719
46
263
544
794
191
80
105
403
79
218
385
752
668
783
741
259
722
289
685
708
584
285
285
329
452
430
465
268
582
666
147
187
302
134
804
305
768
136
441
137
794
757
54
411
445
724
52
377
126
183
800
411
630
552
375
365
648
83
151
787
252
309
730
364
232
526
796
13
649
472
338
150
269
177
19
40
817
270
586
115
236
742
722
770
141
177
345
491
353
376
64
4
795
718
613
531
746
291
673
84
697
128
73
612
815
758
167
251
35
576
70
739
799
94
144
348
56
55
749
294
504
416
84
40
538
162
465
334
141
533
376
601
482
366
771
798
553
784
188
166
189
478
244
130
517
100
66
494
596
523
795
662
360
368
730
598
301
700
526
592
822
389
140
57
327
791
110
492
646
59
670
601
643
141
672
162
28
467
714
428
111
715
6.63216737928112
0.109049659467412
192
1
1
1
1
1
1
1
1
1
1
0
0
1
1
1
1
1
1
0
0
1
0
1
1
1
0
1
1
1
1
1
1
1
1
1
0
1
1
1
1
1
1
1
1
1
1
1
1
1
1
1
1
0
1
1
1
1
1
1
1
1
1
1
1
1
1
1
1
1
1
1
1
1
1
0
1
1
1
1
1
0
1
1
1
1
1
1
1
0
1
1
1
1
1
1
1
1
1
1
1
1
0
1
1
1
1
1
1
1
1
1
1
1
1
0
1
1
0
1
1
0
1
1
1
1
1
1
0
1
1
1
0
1
1
1
1
1
0
1
1
1
0
1
0
1
1
0
1
1
1
1
1
0
1
1
1
1
1
1
1
1
1
1
0
1
1
1
1
1
1
1
1
1
1
1
1
1
1
1
1
1
1
0
1
1
1
1
0
1
1
1
1
