831
196
755
25
333
538
19
181
729
742
431
756
708
669
28
626
487
396
276
600
821
343
214
134
425
293
203
655
591
219
534
148
775
644
227
720
540
65
35
115
275
515
202
207
237
472
55
515
655
170
231
313
644
692
15
149
18
304
144
705
113
742
347
63
708
234
642
454
341
554
584
808
130
375
471
106
522
352
529
680
781
264
141
597
54
753
418
566
138
475
115
303
323
734
13
682
347
314
616
558
786
519
681
717
649
239
427
173
97
132
360
713
762
579
128
708
469
131
808
200
569
236
459
94
16
607
437
243
453
494
414
780
133
795
508
191
246
783
339
565
350
697
718
764
389
780
740
371
768
218
552
299
525
185
517
37
107
647
17
377
600
263
683
525
728
383
797
735
161
766
584
31
632
576
532
504
582
114
210
555
133
341
365
598
172
801
91
616
67
98
653
293
300
599
265
725
556
322
9.62084588013581
0.252314109148221
196
1
0
1
1
0
1
1
0
1
1
1
1
1
1
1
1
1
0
0
1
0
1
1
1
1
1
1
0
0
1
1
1
0
1
1
1
1
1
1
1
1
1
1
1
0
1
1
1
1
1
1
1
1
1
0
1
1
1
0
1
0
1
1
1
1
1
0
1
1
0
1
1
0
1
1
1
0
1
1
1
0
1
1
0
1
1
1
0
0
1
1
1
1
1
1
1
1
1
1
1
1
0
1
1
1
0
0
0
0
1
1
0
0
1
1
1
1
1
0
1
1
0
1
1
1
1
1
1
1
1
1
0
1
0
0
1
1
1
1
1
1
1
1
0
1
1
1
1
1
1
1
0
0
0
1
0
1
0
0
0
0
1
0
1
1
1
1
1
1
1
1
1
0
1
1
1
1
1
1
0
1
1
1
1
1
1
1
0
1
0
0
1
0
1
0
0
