209
144
136
120
40
146
104
160
92
57
115
58
203
15
50
101
90
54
62
41
202
42
92
71
161
195
191
34
172
62
145
1
131
140
143
82
165
9
6
44
113
5
164
86
19
95
90
162
205
133
16
182
55
168
193
57
74
188
48
149
37
59
207
193
201
49
18
54
16
197
42
39
12
201
32
31
40
43
177
127
27
103
209
202
74
24
31
51
146
2
192
153
167
202
7
90
139
32
45
85
102
161
165
20
49
179
76
36
33
80
28
79
14
165
23
163
23
162
52
76
25
175
38
134
124
48
16
22
33
41
124
71
139
166
170
170
69
101
141
132
118
103
138
127
142
56
7.37924641969479
0.0249641341712219
144
1
1
1
1
1
1
1
1
1
1
1
1
1
0
1
1
1
1
1
1
1
1
1
1
1
1
1
1
1
1
1
1
1
1
1
1
1
1
1
1
1
1
1
1
1
1
1
1
1
1
1
1
1
1
1
1
1
1
1
1
1
1
1
1
1
1
1
1
1
1
1
1
1
1
1
1
1
1
1
1
1
1
1
1
1
1
1
1
1
1
1
1
1
1
1
1
1
1
1
1
0
1
1
1
1
1
1
1
1
1
1
1
1
1
1
1
1
1
1
1
1
1
1
1
1
1
1
1
1
1
1
1
1
1
1
1
0
1
1
1
1
1
1
1
