690
172
423
309
385
333
328
528
41
39
259
598
157
498
548
34
631
640
503
65
313
139
113
328
486
558
288
571
279
336
349
33
9
358
380
74
332
175
31
479
495
414
33
325
610
562
357
453
495
317
251
188
106
188
677
408
58
317
483
443
625
335
477
400
203
351
660
550
276
588
217
202
200
451
34
206
570
271
206
531
175
338
30
305
133
106
440
154
128
136
152
646
282
670
345
553
96
436
542
284
1
111
229
29
558
374
544
559
643
421
671
74
99
5
162
3
293
65
390
667
71
619
68
486
354
400
267
28
81
286
575
201
660
609
661
510
497
551
604
101
281
502
14
241
241
328
89
76
667
444
95
440
561
462
360
331
173
137
484
672
426
472
158
614
533
430
83
445
201
579
369
596
641
442
2.40733893193534
0.0627146713580376
172
1
1
1
1
1
1
1
1
1
1
1
1
1
1
1
1
1
1
1
1
1
1
1
1
1
1
1
1
1
1
1
1
1
1
1
1
1
1
1
0
1
1
1
0
1
1
1
1
1
1
1
1
0
1
1
0
1
0
1
1
1
1
1
1
1
1
1
1
1
1
1
1
1
1
1
1
1
1
0
1
1
0
1
1
1
1
1
1
0
1
1
1
1
1
1
1
1
1
1
1
1
1
1
1
1
1
1
1
1
1
1
1
1
1
1
1
1
1
1
1
1
1
1
1
1
1
0
1
1
1
1
1
1
1
1
1
1
1
1
1
1
1
1
1
1
1
1
1
1
1
1
1
1
0
1
1
1
1
1
1
1
1
1
1
1
1
1
1
1
1
1
1
