455
140
25
160
161
157
238
53
304
178
19
412
84
259
60
171
331
436
37
223
453
269
24
276
213
8
60
199
218
155
28
423
255
132
308
325
18
346
289
13
101
242
316
385
34
221
9
431
413
322
300
451
34
441
156
21
161
52
391
10
260
53
328
23
330
323
394
393
314
28
64
82
106
1
96
71
184
226
210
68
239
322
340
222
278
373
227
191
55
191
425
414
165
316
427
66
318
328
234
388
392
239
425
234
191
292
8
433
314
62
97
98
125
331
400
252
402
168
375
173
33
408
281
376
178
236
133
180
153
53
358
433
82
426
77
175
440
446
14
436
131
241
4.1689116540142
0.375934378305525
140
1
1
1
1
1
1
1
1
1
0
1
1
1
1
1
1
1
1
1
1
1
0
0
1
1
1
0
1
1
1
0
1
1
1
1
0
0
1
0
0
1
1
1
1
1
0
0
1
1
1
1
1
1
0
0
1
1
1
1
1
1
0
1
1
1
1
1
1
1
0
0
0
0
1
1
0
1
1
1
1
1
0
1
0
1
0
1
0
1
1
1
0
1
1
0
0
1
0
0
1
1
1
0
0
1
0
1
0
1
0
1
1
1
1
1
0
1
0
1
0
1
1
1
0
1
1
1
0
1
1
1
0
1
1
0
1
1
1
0
0
