171
154
27
16
84
32
118
153
80
141
135
113
16
16
95
31
161
88
88
9
59
70
63
136
0
152
55
164
136
121
169
70
12
8
129
163
79
67
152
12
18
57
44
140
50
112
66
91
94
72
76
66
114
116
66
48
141
83
98
37
162
44
33
61
74
15
140
37
152
19
128
135
102
74
32
151
122
84
109
11
105
31
102
22
31
109
87
162
45
14
43
38
63
122
110
46
105
171
53
158
93
9
21
111
79
52
39
82
77
109
48
71
139
61
128
89
153
15
57
143
115
155
36
149
31
18
149
153
81
151
101
124
6
104
62
84
43
78
48
126
122
59
66
147
79
88
41
86
14
47
87
146
132
13
146
81
0.715637207406348
0.158134701047594
154
1
1
0
1
1
1
1
0
1
0
1
0
1
1
1
1
1
0
1
1
1
1
1
1
1
1
1
1
1
1
0
1
1
1
1
1
1
1
1
1
1
1
1
1
1
0
1
0
0
1
1
1
0
1
1
1
1
1
1
1
1
1
1
1
1
1
1
1
1
1
1
1
1
1
1
0
1
1
1
1
1
1
1
1
1
1
1
1
1
1
0
1
1
1
1
1
1
1
1
1
1
1
0
1
1
1
1
1
1
1
1
1
1
1
1
1
1
1
0
1
1
1
1
0
1
1
1
0
1
0
1
1
1
0
1
1
1
1
1
1
1
0
1
1
0
0
1
1
1
1
1
1
1
1
