134
102
22
115
28
14
54
13
128
69
120
53
29
41
98
67
106
84
128
105
133
91
80
55
81
26
46
77
126
21
47
40
112
29
65
58
42
134
8
30
22
30
49
1
70
86
63
67
32
62
94
118
18
64
18
39
34
110
38
26
22
83
124
90
20
118
0
28
39
109
5
38
48
39
96
4
97
132
122
69
123
27
134
26
1
72
35
24
40
65
109
17
98
58
59
64
89
9
127
75
109
133
57
2
0.0973199931691082
0.313679947235217
102
1
0
1
1
1
0
0
1
1
1
0
1
1
1
1
1
0
1
1
1
1
0
1
1
0
1
1
0
0
1
1
1
1
1
0
1
0
1
1
1
1
0
0
0
1
0
1
0
1
1
1
1
1
1
1
1
1
0
1
0
1
1
1
0
1
1
1
1
1
1
1
1
1
1
0
0
0
1
1
1
1
1
1
1
1
0
1
1
1
1
0
1
0
1
1
1
1
1
0
1
1
1
