893
196
283
625
566
62
230
825
689
831
365
318
310
215
782
102
148
236
30
584
83
280
868
679
803
726
140
142
287
111
488
623
182
149
569
627
60
286
410
492
792
822
442
784
430
247
409
547
110
769
118
804
775
797
454
124
311
199
647
667
357
677
614
610
336
868
284
795
30
18
357
295
214
144
475
418
810
464
529
89
85
90
234
296
114
249
313
738
275
609
209
122
262
329
796
420
616
524
576
873
361
754
775
211
577
798
716
749
864
301
667
477
78
637
891
343
725
352
33
708
115
489
127
558
82
821
151
474
213
176
820
396
505
869
651
814
535
546
686
670
736
327
637
688
37
25
514
95
770
747
530
202
266
497
421
120
803
489
591
867
633
746
268
88
186
547
110
97
563
523
641
700
299
521
752
487
454
844
518
724
661
681
878
301
724
29
719
348
341
428
322
355
858
658
464
540
218
747
7.42994363179815
0.116197764149768
196
1
0
1
1
1
1
1
1
1
1
1
1
0
1
1
1
1
1
1
1
1
1
1
1
1
1
1
0
1
1
1
1
1
1
1
1
1
1
1
1
1
1
1
1
1
1
1
1
1
0
0
1
1
1
1
1
1
1
1
1
0
1
1
1
1
1
1
1
1
1
1
1
1
1
1
1
1
1
1
1
1
1
0
1
1
1
1
1
1
1
0
1
1
1
1
1
1
1
1
1
1
1
1
1
1
1
1
1
0
1
1
1
1
1
1
1
1
1
1
1
1
0
1
1
1
1
1
1
1
1
0
1
0
1
1
1
1
1
1
1
1
1
1
0
1
1
1
1
1
0
1
1
1
1
1
1
1
1
1
1
1
1
1
1
1
1
1
1
1
0
1
0
1
1
1
1
1
1
1
1
1
0
0
1
1
1
1
1
0
1
1
1
1
1
1
1
