323
130
241
91
257
235
204
317
112
73
296
204
259
275
74
64
253
319
134
241
252
133
261
218
41
303
192
133
83
223
99
75
31
194
293
27
159
125
188
51
200
318
23
306
31
128
206
13
282
43
185
98
95
128
272
167
303
55
178
52
35
176
219
309
187
140
292
36
214
233
161
71
204
16
248
174
114
104
84
67
84
37
82
78
270
21
300
277
269
292
170
118
178
273
10
40
227
220
206
79
75
88
241
74
19
165
76
264
11
25
250
102
38
134
88
203
26
2
319
212
172
30
222
28
194
118
66
68
208
220
298
287
7.49736727593727
0.0118912124655173
130
1
1
1
1
1
1
1
1
1
1
1
1
1
1
1
1
1
1
1
1
1
1
1
1
1
1
1
1
1
1
1
1
1
1
1
1
1
1
1
1
1
1
1
1
1
1
1
1
1
1
1
1
1
1
1
1
1
1
0
1
1
1
1
1
1
1
1
1
1
1
1
1
1
1
1
1
1
1
1
1
1
1
1
1
1
1
1
1
1
1
1
1
0
1
1
1
1
1
1
1
1
1
1
1
1
1
1
1
1
1
1
1
1
1
1
1
1
1
1
1
1
0
1
1
1
1
1
0
1
1
