382
118
365
23
179
63
177
314
235
369
170
65
217
147
27
47
231
17
319
312
280
261
186
84
25
162
51
269
227
113
25
221
5
242
227
328
66
7
273
208
189
6
200
98
311
76
236
20
73
170
169
36
177
93
185
32
305
6
270
303
80
1
371
370
232
74
9
329
344
290
311
323
371
182
293
57
216
109
81
294
1
218
347
257
340
97
78
15
109
63
361
219
337
246
111
76
159
306
202
284
119
28
370
95
170
365
110
82
129
25
91
93
318
81
15
334
143
379
375
165
6.10944831407782
0.179927432271033
118
0
1
0
1
1
1
1
1
1
0
1
1
1
1
1
1
1
1
1
1
1
1
1
1
1
1
1
1
1
1
1
1
0
1
1
1
1
1
1
1
1
1
1
1
1
1
1
1
1
1
1
0
1
1
1
1
0
1
1
1
1
0
1
0
1
1
1
1
1
1
1
1
1
1
1
1
1
1
1
1
1
1
1
1
1
1
1
1
1
0
1
1
1
1
0
1
1
1
1
1
1
1
1
1
0
1
1
1
1
1
1
1
1
1
1
1
1
0
