533
158
186
86
512
489
212
6
247
527
62
269
168
404
283
97
87
257
448
15
277
418
137
78
266
34
253
289
18
300
43
375
514
351
513
171
45
344
265
71
458
137
11
72
258
174
475
377
247
234
295
322
385
352
412
82
132
365
189
73
324
524
477
26
320
118
415
129
317
278
135
443
217
114
351
233
128
372
268
111
222
113
269
415
178
234
250
22
342
38
377
32
19
517
174
425
110
523
224
83
363
23
262
246
121
83
476
304
441
463
254
84
419
455
249
15
481
182
283
400
431
157
412
466
293
218
430
499
511
365
133
301
481
422
5
59
419
57
197
322
88
473
268
39
315
491
363
462
457
353
451
307
289
378
522
282
182
515
19
213
7.60949065360126
0.37697767324108
158
1
1
1
1
1
1
0
1
0
0
1
1
1
0
1
1
1
1
1
1
1
1
1
1
0
1
1
0
1
1
1
1
1
0
0
0
1
1
0
1
0
0
1
0
1
1
0
1
1
1
0
1
0
1
0
1
0
1
1
0
1
1
0
1
0
0
0
1
0
0
1
1
1
0
0
1
1
1
0
1
1
1
1
1
1
1
0
1
1
1
1
0
1
1
1
1
1
1
0
1
1
1
0
0
1
1
0
1
1
0
1
0
0
0
0
1
1
1
1
0
1
1
0
0
0
0
0
1
1
0
0
0
1
0
1
1
1
1
1
1
1
1
1
1
1
0
0
1
1
1
1
1
1
0
0
0
1
0
