698
96
96
251
264
385
476
522
581
23
598
201
657
47
223
296
38
1
465
87
360
291
196
79
289
99
53
193
256
135
622
120
79
208
608
236
7
694
23
263
342
270
548
122
602
379
199
211
418
358
469
357
330
606
660
535
552
593
403
263
118
558
199
525
648
220
122
221
685
280
589
199
173
39
365
151
418
289
166
297
487
227
497
99
669
407
598
132
190
117
168
271
454
38
190
250
387
475
4.1973640412027
0.385649666214395
96
1
0
0
1
1
1
0
1
1
1
1
0
0
1
0
0
1
1
0
1
1
1
0
0
0
1
1
1
0
1
1
1
1
1
0
0
1
0
1
1
1
1
1
0
1
1
1
1
1
1
1
1
0
0
1
1
0
1
0
0
1
0
1
1
1
1
1
1
1
1
1
1
0
0
0
0
1
1
1
0
0
0
0
0
0
1
1
1
0
1
1
0
0
0
1
0
