118
160
65
54
39
70
110
49
57
21
95
67
72
36
52
53
49
83
52
3
21
85
88
68
110
91
19
54
28
48
114
85
66
16
17
101
9
25
10
10
45
70
5
70
24
99
60
55
61
65
59
13
72
38
74
105
103
54
70
108
37
34
19
88
6
78
20
43
72
66
48
21
94
66
56
43
0
5
39
10
89
35
118
98
98
111
85
26
106
53
83
69
100
91
13
96
21
43
7
28
94
33
45
102
101
98
93
41
54
84
97
32
111
14
97
31
3
55
94
74
3
16
25
86
53
81
112
13
8
7
34
116
72
61
1
13
8
75
26
14
36
108
61
12
101
111
24
103
32
33
20
58
75
61
78
107
98
28
59
51
86
29
0.939683131760223
0.0375463332507414
160
1
1
1
1
0
1
1
1
1
1
1
1
1
1
1
1
1
1
1
1
1
1
1
1
1
1
1
1
1
1
0
1
1
1
1
1
1
1
1
1
1
1
1
1
1
1
1
1
1
1
1
1
1
1
1
1
1
1
1
0
1
1
1
1
1
1
1
1
1
1
1
1
1
1
1
1
1
1
1
1
1
1
1
1
1
1
1
1
1
1
1
1
1
1
1
1
1
1
1
1
1
1
1
1
1
1
1
1
0
1
1
1
0
1
1
1
1
1
1
1
1
1
0
1
1
1
0
1
1
1
1
1
1
0
1
1
1
1
1
1
1
1
1
1
1
1
1
1
1
1
0
1
1
1
1
1
1
0
1
1
