121
164
99
44
77
6
10
113
77
76
30
27
5
60
94
3
88
106
29
6
109
103
17
80
28
117
115
69
70
32
44
36
107
84
93
10
33
68
89
7
65
99
1
102
11
2
101
92
49
67
82
90
118
33
15
73
18
54
25
104
75
121
102
94
46
11
64
120
4
60
4
52
54
12
10
121
120
41
121
85
114
72
69
73
45
14
111
41
82
40
106
97
85
9
106
15
61
50
11
48
18
47
31
56
32
118
98
94
92
105
5
63
12
119
110
84
101
12
76
12
42
113
116
53
107
120
70
86
38
82
30
14
12
93
107
22
12
63
26
113
79
16
55
9
70
49
36
79
86
21
7
77
47
106
103
49
114
31
21
76
110
73
105
16
61
40
3.49828971583224
0.290138707968407
164
1
0
1
0
1
1
0
1
1
1
0
1
1
1
1
1
1
0
1
1
1
0
1
1
1
0
1
1
1
1
1
1
1
1
0
1
0
1
1
1
1
1
1
1
1
1
0
1
1
1
1
1
1
1
1
0
0
0
1
1
1
0
1
1
0
0
0
1
1
1
0
0
1
1
1
1
1
1
1
1
1
1
1
1
0
0
1
0
1
1
1
0
1
1
1
0
1
1
0
1
1
1
1
1
1
1
1
1
1
0
0
1
1
1
1
1
1
1
0
1
1
1
1
1
1
1
1
0
1
1
1
1
1
1
1
1
1
1
1
1
1
1
0
1
0
1
1
1
0
0
1
0
1
1
0
0
0
0
1
1
1
1
1
0
