404
174
281
76
311
42
289
353
129
180
86
153
250
12
387
203
207
125
134
137
74
312
290
159
286
59
202
369
43
271
39
294
242
395
257
47
355
67
288
161
244
74
326
153
388
381
394
385
177
173
192
69
87
369
95
133
157
352
158
141
377
13
344
236
46
35
60
48
139
311
121
270
142
106
293
131
47
221
43
160
252
140
264
264
255
178
56
285
373
148
153
183
164
283
209
243
141
112
388
395
193
273
40
304
191
261
152
100
281
391
60
358
61
374
293
139
402
261
233
178
277
333
5
279
38
108
175
215
242
142
24
306
52
96
365
294
70
394
321
216
92
381
254
258
404
88
236
79
196
344
34
370
369
194
298
350
95
50
119
206
16
106
5
197
12
124
191
266
74
148
106
217
307
114
202
12
9.62936300331616
0.170786480869613
174
1
1
1
1
1
1
1
1
1
1
1
1
1
1
1
0
1
1
1
1
0
1
0
1
1
0
1
1
1
1
1
1
1
1
1
1
1
1
1
1
1
1
1
1
1
1
1
1
1
1
1
1
1
1
1
0
1
1
0
1
1
1
0
1
1
1
1
1
1
0
1
1
1
1
1
1
1
0
1
1
1
1
1
1
1
1
1
1
1
1
1
1
1
1
1
0
0
1
0
1
1
1
1
1
0
1
1
1
1
1
1
0
1
1
1
1
1
1
1
1
1
1
1
1
1
1
1
1
1
0
1
1
1
1
1
1
1
0
1
1
1
1
1
1
1
1
1
1
0
1
0
1
1
1
1
1
1
1
0
1
0
1
1
1
1
1
0
1
1
1
1
0
1
1
