419
110
276
131
398
403
74
111
207
165
222
117
361
417
217
27
259
415
138
339
162
2
3
23
181
323
404
419
26
152
379
314
373
63
166
92
186
307
330
192
283
111
378
183
303
154
314
271
106
117
116
309
150
134
343
220
119
353
97
153
346
1
52
374
57
146
109
102
42
412
55
8
281
89
334
225
305
393
185
19
122
71
205
101
75
73
68
239
168
276
103
406
81
196
303
113
194
400
42
356
38
350
30
232
49
243
137
65
65
83
83
261
0.896404052130192
0.141510209277435
110
1
1
1
1
1
1
1
1
1
1
1
1
1
1
1
1
1
1
1
1
1
1
0
1
1
1
0
1
1
1
1
0
1
1
0
1
1
1
1
1
1
1
1
1
1
1
1
1
1
1
1
1
1
1
1
1
1
1
1
1
1
1
1
1
1
0
1
1
1
1
1
1
1
1
0
1
0
1
1
1
1
0
1
1
1
1
1
1
1
1
1
0
1
1
1
0
1
0
1
1
1
1
1
1
1
1
1
1
1
1
