227
130
137
134
3
60
51
126
70
204
87
39
178
182
60
70
209
107
204
51
143
142
227
76
20
81
188
198
144
3
147
138
76
201
7
43
196
22
20
78
69
119
14
219
133
120
36
184
174
9
15
81
15
76
63
192
163
64
54
50
172
92
104
28
83
219
9
25
174
144
190
156
47
194
80
124
20
168
166
194
135
210
87
36
158
59
105
200
223
39
36
194
105
196
69
78
149
107
100
61
186
83
16
135
171
103
197
93
84
202
66
175
77
210
156
206
123
214
30
197
37
36
62
65
205
18
121
169
38
225
215
58
3.4187434449186
0.31283369687245
130
1
1
1
1
0
1
1
0
1
1
0
0
1
0
1
1
1
0
1
1
0
1
1
1
1
1
1
1
0
0
1
1
1
1
1
0
1
1
1
1
0
0
1
1
1
1
0
1
1
0
1
1
1
1
1
0
0
1
1
1
1
1
1
1
1
1
0
0
1
0
0
0
0
1
1
1
0
1
1
1
1
0
0
0
1
1
1
1
1
1
1
0
0
0
1
1
1
0
0
0
1
1
0
1
1
1
0
0
0
0
1
1
1
1
1
0
1
1
1
0
0
0
1
0
1
1
0
1
1
1
