500
138
372
51
126
459
377
386
156
271
126
142
123
472
254
391
413
330
339
426
12
58
296
307
339
275
267
147
48
212
127
458
370
475
62
468
277
462
421
356
68
262
446
412
330
44
124
354
294
408
183
86
402
450
56
114
154
57
176
321
146
397
72
285
367
448
491
61
137
278
74
132
181
222
470
425
83
10
145
437
470
453
212
61
106
280
300
399
250
386
470
247
418
96
371
496
335
316
399
3
374
182
323
51
389
437
236
411
396
379
27
346
198
148
45
100
10
289
75
490
113
284
218
267
210
246
375
392
405
120
112
168
212
186
10
382
482
245
485
368
4.98262073565015
0.297127685697458
138
1
1
0
1
0
1
1
0
1
0
0
1
1
0
1
1
0
1
1
0
1
0
0
1
1
1
0
1
1
1
1
1
1
1
0
1
1
0
1
1
0
0
1
1
1
0
0
1
1
1
1
1
1
1
0
1
1
1
1
1
1
1
1
1
1
1
0
1
1
1
1
1
0
1
1
1
0
0
1
1
1
1
1
1
1
0
1
1
1
1
1
1
1
1
1
1
1
1
1
1
0
0
0
0
1
1
1
1
1
1
0
1
1
1
1
0
1
1
1
1
1
1
1
1
1
0
1
0
1
0
1
0
1
1
1
1
0
1
