892
84
572
28
160
593
725
100
359
71
660
18
590
178
849
227
709
841
783
321
322
843
775
505
557
100
428
886
521
185
759
182
771
354
318
132
264
826
675
361
625
731
346
654
397
172
102
555
130
118
206
357
514
3
431
460
461
783
854
14
669
835
183
813
232
45
107
579
788
640
417
788
410
399
826
56
138
540
384
147
74
277
248
284
458
39
1.62678239237261
0.19569186469301
84
1
1
1
0
1
1
1
1
1
1
1
0
1
1
1
1
1
1
1
1
1
1
1
1
1
1
1
1
1
1
0
1
1
0
0
1
0
1
1
1
1
1
1
0
1
1
0
1
1
0
1
1
1
1
1
1
1
1
1
1
0
1
1
1
1
1
0
1
1
0
0
1
1
1
1
1
1
1
0
0
1
0
0
1
