986
132
164
242
216
799
358
514
475
192
736
780
209
945
363
573
634
183
696
405
670
175
389
654
720
937
182
270
930
655
55
671
828
113
792
46
620
207
272
982
963
749
180
893
675
728
334
44
355
758
319
929
294
834
128
883
258
632
96
152
798
258
829
655
920
638
388
55
219
862
344
102
47
506
354
667
526
76
590
513
189
29
848
460
2
286
757
814
660
958
735
374
859
332
309
398
894
304
252
945
10
27
142
67
190
588
80
168
215
421
525
391
941
562
114
637
539
618
402
422
915
327
466
827
247
78
548
32
486
823
800
567
454
122
2.33362086195361
0.17881881300321
132
1
1
1
1
1
1
1
1
1
1
1
1
1
1
1
1
1
1
1
1
1
1
1
0
1
1
1
0
1
0
1
0
1
1
1
1
0
1
1
1
1
1
1
1
0
1
1
1
0
0
1
1
1
0
1
1
1
1
0
1
1
1
1
1
1
1
1
1
1
1
1
1
0
1
1
1
1
1
1
0
1
1
1
1
1
1
1
0
1
0
1
1
1
1
1
0
0
1
1
1
1
1
1
1
1
1
0
1
1
1
1
1
1
0
1
0
0
1
1
0
1
1
1
1
1
1
0
1
1
0
1
1
