853
190
438
480
247
782
369
191
677
592
127
181
95
759
807
168
111
285
848
7
606
474
796
276
139
841
825
164
350
145
303
152
315
31
354
677
574
241
317
652
420
403
605
485
486
242
508
444
632
285
409
236
787
758
580
132
148
483
425
86
101
116
554
578
88
844
649
486
773
578
713
494
132
156
809
657
19
765
207
36
498
347
118
837
187
651
336
593
327
126
95
154
216
301
125
85
722
335
311
104
651
538
88
417
747
683
686
639
152
379
649
475
434
634
796
63
525
73
377
394
581
186
122
325
97
62
186
163
208
321
20
261
639
135
547
607
176
133
840
134
2
718
38
24
125
724
612
604
53
535
443
774
648
10
715
671
154
716
34
404
840
118
260
175
414
664
602
471
661
740
555
532
303
394
457
530
639
378
636
580
326
56
167
648
203
783
614
552
647
393
43
433
9.91202108309878
0.275670156177653
190
0
1
1
1
0
0
1
1
1
1
1
1
1
1
0
1
0
1
1
0
1
1
1
1
1
1
0
1
0
0
1
1
1
1
1
0
0
1
1
1
1
1
1
0
1
0
1
1
1
1
0
0
0
1
1
1
1
1
1
0
1
1
1
1
1
1
1
1
1
1
1
0
0
1
1
0
1
1
1
1
0
1
1
0
1
1
1
1
1
1
1
0
1
1
0
0
0
1
0
1
1
1
0
1
1
1
0
1
1
0
0
1
1
1
1
1
0
0
1
1
1
1
1
1
0
1
1
0
0
1
0
1
1
1
1
1
1
0
1
1
1
0
1
1
0
0
1
1
1
1
1
1
0
1
0
1
0
1
1
1
1
1
0
1
1
1
0
1
1
1
1
1
0
1
1
1
1
1
1
0
1
1
0
1
0
0
1
1
0
1
