932
140
129
507
379
183
92
768
417
213
825
225
724
122
296
105
203
913
181
134
807
403
296
738
496
717
196
929
238
162
425
83
628
405
573
430
384
26
164
413
212
802
364
357
496
609
690
782
168
382
650
904
343
385
97
458
176
137
886
678
875
244
750
856
833
690
561
421
712
780
250
562
363
296
639
40
166
349
344
156
901
37
44
560
438
74
74
661
562
395
641
421
180
759
228
259
157
624
577
754
833
360
179
85
357
32
270
476
444
110
408
593
221
19
343
154
702
756
521
829
875
888
446
411
768
191
568
205
194
28
460
789
111
240
145
385
544
510
831
683
757
759
1.81727312650111
0.0663945837085671
140
0
1
1
1
1
1
1
1
1
1
1
1
1
1
1
1
1
1
1
1
1
1
1
1
1
1
1
1
1
1
1
1
1
1
1
1
1
1
1
1
1
0
1
1
1
1
1
1
1
1
1
1
1
1
1
1
1
1
1
1
1
0
1
1
1
1
1
1
1
1
1
1
1
1
1
1
1
1
1
1
1
0
1
1
1
1
1
1
0
1
1
1
1
1
1
1
1
1
0
1
1
1
1
1
1
1
1
1
0
0
1
1
1
1
1
1
1
1
1
1
1
1
1
1
0
1
1
1
1
1
1
1
1
1
1
1
1
1
1
1
