881
118
375
22
277
419
505
851
580
143
615
166
280
76
35
831
515
62
737
68
392
136
560
125
812
875
260
376
216
879
821
143
878
748
508
728
172
370
217
448
773
708
188
482
819
786
517
80
366
796
140
825
387
186
28
376
162
851
875
685
819
287
143
395
766
860
419
92
377
165
156
523
877
65
467
879
500
290
114
213
127
568
782
259
566
786
348
408
101
441
568
66
138
58
359
324
800
432
347
25
93
869
531
204
820
853
573
159
226
150
350
715
591
249
707
764
761
726
708
832
4.98232994874187
0.197457835478966
118
1
1
1
0
1
0
1
1
1
1
1
1
1
1
1
1
1
0
1
1
1
1
1
1
1
1
1
1
1
1
1
1
1
1
1
1
1
1
1
1
1
1
0
1
1
1
1
1
1
1
1
1
1
1
1
1
1
1
1
1
1
0
1
1
1
1
1
1
0
1
1
1
0
1
1
0
1
1
1
0
0
1
1
1
1
1
0
1
1
1
1
1
1
1
1
0
0
1
0
1
1
1
1
1
1
1
1
1
1
1
1
1
1
1
1
1
1
1
