315
152
36
227
67
259
263
314
249
256
91
254
123
177
296
77
51
152
224
4
96
265
259
105
244
204
115
233
245
117
285
4
78
167
180
18
93
104
265
188
137
127
233
107
20
99
162
253
56
172
112
23
231
257
142
78
50
170
11
218
143
166
91
93
121
198
189
123
70
240
28
93
95
89
21
245
266
215
238
36
220
87
4
154
13
208
221
298
16
8
61
159
1
59
174
130
207
259
257
165
155
172
140
297
299
114
166
33
72
31
20
152
82
226
309
202
248
200
267
54
110
268
236
50
129
314
36
14
194
98
246
239
115
47
46
23
148
137
192
7
231
159
175
231
140
290
269
252
173
233
197
55
277
77
0.560192010845553
0.347508780448588
152
1
0
1
1
1
1
1
1
0
1
0
1
0
1
1
1
1
0
1
0
1
1
0
0
1
1
0
1
1
1
0
1
1
1
0
1
0
0
1
1
1
1
0
1
1
1
1
1
1
0
1
0
1
1
0
0
1
0
1
0
1
1
1
0
1
1
1
1
0
1
1
1
1
0
0
1
1
0
0
1
1
1
0
1
1
0
1
1
1
1
1
0
0
1
0
0
0
1
0
1
1
1
0
1
1
1
0
1
1
0
1
1
1
1
0
1
1
0
1
1
1
1
1
0
0
0
1
1
0
0
0
0
1
1
1
0
1
0
1
1
1
1
1
1
0
0
1
1
0
1
0
1
