303
128
108
0
264
218
111
65
161
191
254
205
302
99
8
164
59
30
137
211
252
128
209
232
199
209
288
190
45
48
75
192
126
119
243
140
244
84
216
68
40
72
274
249
16
296
142
147
85
65
219
70
47
191
143
215
136
171
27
85
214
205
151
244
290
88
223
126
95
215
128
147
6
86
79
302
254
169
42
44
263
42
40
158
272
256
33
246
71
33
209
262
44
239
237
123
148
177
148
107
168
78
193
210
205
102
296
4
44
133
171
282
287
237
200
95
37
83
104
133
14
62
258
46
91
48
126
248
9
144
5.72206550430895
0.143954263057048
128
1
1
1
1
0
1
1
1
1
1
1
1
0
1
1
0
1
1
1
1
1
1
1
1
1
1
1
1
1
0
1
1
1
0
1
1
0
1
0
1
1
1
1
0
1
1
1
1
1
1
1
1
1
1
1
1
1
1
1
1
0
1
1
1
1
1
1
1
1
1
1
1
1
0
1
1
1
1
1
0
1
1
1
1
1
1
1
1
1
1
0
1
1
1
0
1
1
0
1
0
1
1
1
1
1
1
1
1
1
1
1
1
1
1
1
1
1
1
1
0
1
1
1
1
1
1
1
1
