211
196
192
7
130
101
126
142
82
166
53
211
79
43
9
171
134
77
49
163
98
73
205
52
96
198
165
206
66
62
125
40
104
211
91
188
34
40
62
196
27
35
118
100
9
28
70
33
127
154
38
101
131
105
195
190
200
112
28
44
191
194
197
196
137
158
78
132
163
198
1
135
84
211
64
103
1
91
131
75
127
145
13
49
24
138
152
196
78
10
185
165
178
140
36
77
47
94
131
160
25
146
178
42
85
59
81
201
47
99
74
44
89
71
139
114
140
44
189
20
66
116
125
8
127
8
53
13
125
129
40
48
211
200
94
189
143
83
124
150
115
145
57
172
88
5
115
189
24
91
0
16
159
46
147
208
156
96
178
95
186
17
48
202
103
200
90
109
156
42
114
33
197
103
31
48
116
3
23
79
56
84
143
151
183
63
128
176
58
44
51
158
25
44
54
8
74
186
9.93554934171772
0.226997183252791
196
1
1
0
1
0
1
0
1
1
1
0
0
1
0
0
1
1
0
1
0
1
1
1
1
1
1
1
1
1
1
1
1
1
1
1
0
1
1
1
0
1
1
1
1
0
1
1
1
1
1
1
1
0
1
1
0
0
1
0
1
1
1
1
1
1
1
1
1
1
1
1
0
0
0
1
1
0
0
0
1
1
1
1
1
1
1
0
1
1
0
1
1
1
1
1
0
1
0
1
0
1
1
1
0
1
1
1
1
1
1
0
1
1
1
0
1
1
1
0
1
1
1
1
1
1
1
1
1
1
1
0
1
1
1
1
1
1
1
1
1
1
1
1
1
0
1
1
0
1
1
1
1
1
1
0
1
1
0
0
1
1
1
1
1
1
0
1
1
1
1
1
0
1
1
1
0
1
0
1
1
0
0
0
1
1
0
1
1
1
1
1
1
1
1
1
0
