850
182
297
772
162
443
497
510
708
179
405
324
552
482
547
482
456
665
522
614
678
83
106
833
342
796
428
831
714
641
355
453
627
385
62
300
383
617
469
481
841
82
194
577
580
379
653
799
82
161
25
571
71
554
417
112
220
752
358
23
543
110
794
404
780
337
468
716
461
739
243
15
661
733
673
68
290
809
770
761
141
642
143
269
733
88
767
59
440
575
201
840
298
769
674
809
101
504
274
847
246
536
425
222
380
705
473
109
163
557
370
14
381
110
486
558
704
812
205
215
75
214
460
425
787
594
603
601
24
631
321
684
519
132
178
286
674
542
325
369
193
785
284
790
743
744
306
483
826
741
328
155
584
657
584
303
602
797
276
807
76
644
73
8
223
580
799
102
423
242
58
410
78
458
123
572
457
213
612
845
127
733
452
147
5.60697417301735
0.382969943739875
182
1
0
1
1
0
0
1
0
1
1
1
1
1
1
1
1
0
0
1
1
1
0
0
0
1
0
1
1
0
0
1
1
1
1
1
1
1
0
1
1
0
1
1
1
1
1
1
1
0
1
1
0
1
0
0
1
1
1
1
1
1
1
0
1
1
1
0
1
1
1
1
1
0
0
1
1
1
1
0
1
0
1
0
1
1
1
1
1
0
1
1
1
0
1
0
0
0
1
1
0
1
1
1
0
1
1
1
0
1
1
1
1
0
1
0
1
0
1
0
1
1
0
0
0
1
1
0
0
0
1
1
0
1
0
1
1
1
1
1
0
1
1
0
1
0
1
1
1
1
1
0
1
0
1
0
0
1
0
1
1
1
1
0
0
0
1
0
0
1
0
1
0
0
1
0
1
1
1
1
1
0
1
