156
118
26
139
34
63
145
75
110
36
60
75
136
46
156
145
73
122
5
146
26
87
26
0
121
124
30
46
84
31
147
80
122
100
50
22
77
27
87
155
91
148
9
95
20
110
26
69
71
129
118
66
6
27
101
5
113
59
15
32
71
43
71
108
86
133
131
89
111
94
46
121
17
77
44
80
84
76
121
104
110
62
0
78
110
83
120
53
129
115
130
82
36
71
110
150
107
8
70
135
119
106
51
27
8
84
126
33
8
76
36
124
108
60
114
132
127
64
121
64
5.03428186261282
0.193826038543619
118
1
1
1
1
1
1
1
1
1
1
1
1
0
1
1
1
1
0
1
1
1
1
1
1
1
0
1
1
1
1
1
1
1
1
1
1
1
1
1
1
1
0
0
1
0
0
1
0
1
1
1
1
1
0
1
1
1
1
1
1
0
1
1
0
1
1
1
1
1
1
1
1
1
1
1
1
1
1
1
1
1
1
0
1
1
1
1
1
1
1
1
0
1
1
0
1
1
0
1
1
1
1
0
1
0
1
0
1
1
0
1
1
1
1
1
1
1
1
