840
192
198
523
773
43
336
421
97
624
177
78
406
331
625
337
99
740
687
262
116
609
568
524
449
725
652
535
592
24
200
529
614
532
494
42
419
68
510
13
193
741
378
163
30
500
163
670
678
826
593
84
439
313
203
365
702
628
47
330
670
441
785
318
606
572
712
394
110
609
318
303
195
283
514
682
387
239
353
104
594
476
684
170
182
56
203
221
191
412
652
72
779
393
335
37
176
508
36
514
612
236
405
603
0
539
785
274
634
563
668
174
131
815
197
367
346
668
81
510
50
651
831
180
819
718
340
266
689
734
92
259
63
578
570
540
198
556
491
836
421
627
760
798
415
421
610
724
818
57
717
344
426
483
185
777
73
282
520
803
806
432
476
649
557
390
461
657
829
170
479
521
275
94
211
85
229
792
646
679
55
584
423
592
704
16
754
748
115
676
76
496
127
729
3.75031019031326
0.276834530983063
192
1
0
1
1
1
1
1
1
1
1
1
0
1
0
0
0
1
0
0
1
0
1
1
0
1
1
1
0
0
0
1
1
1
1
1
0
1
1
1
0
1
1
1
1
0
0
0
1
0
1
1
1
0
1
0
1
1
1
1
1
1
0
1
1
1
1
0
0
1
1
1
1
1
1
1
1
1
1
0
1
0
0
1
1
0
1
1
1
0
1
0
1
1
1
1
1
1
1
0
0
0
1
1
1
1
0
0
1
1
0
1
1
1
0
1
0
1
1
1
0
1
1
1
0
0
0
1
1
0
1
1
1
0
1
1
1
1
1
1
1
1
1
0
1
1
1
1
1
1
1
1
1
1
1
1
1
0
0
0
1
1
1
1
1
1
1
1
1
1
0
1
1
0
1
1
1
1
1
1
1
0
0
1
1
1
0
1
0
1
1
1
1
