832
150
468
653
747
478
734
384
34
470
769
248
561
587
447
580
75
755
438
597
62
19
213
442
244
481
711
152
693
489
526
431
767
721
616
63
508
238
131
277
428
171
66
233
524
52
672
397
177
198
494
603
788
820
613
11
717
455
368
641
210
781
135
784
422
685
256
236
706
593
54
790
637
809
351
776
207
170
691
738
773
672
302
565
158
650
478
669
401
655
465
80
642
145
792
652
718
38
251
562
206
443
155
255
617
357
110
718
178
294
94
186
100
707
258
516
284
599
424
432
696
129
773
757
773
292
790
172
102
660
466
662
780
831
154
320
58
195
283
719
714
537
450
716
317
612
359
8
759
801
37
806
1.33523289208007
0.346704892673559
150
0
1
0
0
1
1
1
1
1
0
1
0
0
1
1
1
1
1
1
1
0
0
0
1
0
1
0
0
0
0
1
0
1
1
1
1
1
1
1
0
1
1
1
1
1
1
1
1
1
1
0
1
1
1
1
0
0
1
1
1
1
1
1
1
1
1
1
1
0
1
1
1
0
0
0
1
1
1
1
1
1
1
1
1
0
0
0
0
0
1
1
1
1
1
0
1
0
1
1
1
1
0
1
0
1
1
1
1
1
1
1
1
1
1
0
1
1
1
1
1
1
1
1
1
1
1
1
0
0
1
1
1
0
1
1
1
1
0
1
1
1
1
1
1
1
0
0
1
1
1
