864
104
297
566
254
89
746
467
860
853
806
570
38
352
47
454
701
755
133
310
817
310
178
231
489
174
733
75
325
618
482
162
625
357
540
686
845
785
245
42
836
838
755
618
144
556
803
476
18
290
443
294
561
827
555
233
90
212
853
690
160
433
544
768
379
192
433
842
157
444
829
614
727
17
370
844
202
152
305
476
584
424
171
92
579
464
492
807
691
598
706
40
36
350
562
445
214
240
501
109
863
770
197
157
623
708
9.42010211355885
0.229053664883889
104
1
1
1
1
1
0
1
1
1
0
1
0
1
1
1
1
0
1
1
0
1
0
1
1
0
0
1
1
1
1
0
1
1
1
0
1
1
1
1
1
1
1
1
0
0
1
1
1
0
1
1
1
1
0
1
1
1
1
1
1
0
1
1
1
0
1
1
1
0
0
1
1
1
1
1
0
1
0
1
1
1
1
0
1
1
1
0
1
1
1
0
1
1
0
1
1
1
0
1
1
0
1
1
1
