506
132
235
487
165
287
242
152
396
281
447
74
437
465
278
329
338
286
484
108
443
94
188
94
162
264
477
455
223
374
286
192
337
19
489
310
50
314
56
488
95
392
291
102
321
192
169
416
313
231
125
147
64
103
344
496
95
455
372
81
196
457
460
499
32
454
426
277
100
10
2
66
72
246
275
325
477
394
204
417
96
119
472
320
149
39
338
475
40
148
295
193
375
111
491
97
275
235
468
479
408
379
426
165
126
388
85
131
67
310
465
97
471
55
405
6
247
252
292
201
161
20
146
116
251
129
154
33
147
127
142
380
244
286
3.56102666042167
0.00963744226121857
132
1
1
1
1
1
1
1
1
1
1
1
1
1
1
1
1
1
1
1
1
1
1
1
1
1
1
1
1
1
1
1
1
1
1
1
1
1
1
1
1
1
1
1
1
1
1
1
1
1
1
1
1
1
1
1
1
0
1
1
1
1
1
0
1
1
1
1
1
1
1
1
1
1
1
1
1
1
1
1
1
1
1
1
1
1
1
1
1
1
1
1
1
1
1
1
1
1
1
1
1
1
1
1
0
1
1
1
1
1
1
1
1
1
1
1
1
1
1
1
1
1
1
1
1
1
1
1
1
1
1
1
1
