649
126
484
78
151
636
514
192
346
194
628
164
342
233
647
13
55
174
123
538
591
84
135
480
193
358
516
532
241
449
418
113
70
620
484
224
607
490
154
644
255
181
536
136
23
502
66
370
41
536
154
364
113
183
245
78
217
528
483
123
57
560
251
301
308
129
599
644
284
202
406
533
83
151
478
179
280
378
210
221
294
529
437
574
625
522
33
9
588
228
266
393
585
276
239
419
640
642
437
312
285
394
557
351
175
84
191
453
616
435
189
628
306
414
641
46
62
648
265
425
327
334
558
293
400
587
93
638
1.00922273490516
0.397150725514156
126
1
0
0
0
1
1
0
1
0
0
0
0
0
1
0
1
1
0
0
0
1
1
1
0
1
0
1
0
1
0
1
1
0
1
0
0
0
1
0
1
0
1
0
0
1
1
1
1
1
1
1
0
0
0
0
1
0
0
1
1
1
1
1
1
0
1
1
1
1
1
1
0
0
1
0
0
1
0
0
0
1
1
0
1
1
1
0
1
1
1
1
1
0
1
1
0
1
1
1
1
1
1
1
0
1
0
1
0
1
1
1
1
1
1
0
1
1
1
1
0
0
1
1
0
1
1
