894
132
221
831
225
308
332
20
592
544
313
712
2
120
653
755
215
286
782
849
304
585
465
30
571
66
100
855
75
509
525
272
581
401
178
368
335
744
403
630
92
793
742
349
759
303
394
771
22
391
642
707
511
214
777
479
227
160
91
68
165
506
66
511
295
652
840
659
394
419
160
109
858
327
229
219
1
670
325
882
112
750
800
58
111
369
74
704
297
462
632
743
147
340
650
120
863
5
81
585
381
780
890
291
673
382
595
661
102
3
323
65
323
415
440
758
735
530
236
541
539
90
690
234
84
568
332
574
532
569
770
712
201
702
2.35466333648896
0.317945693014678
132
1
1
1
1
1
1
1
0
1
1
1
1
1
0
0
0
1
0
1
0
1
1
0
0
1
1
1
0
0
1
1
0
0
1
1
0
1
1
1
1
1
0
0
1
1
0
1
1
0
1
0
1
1
1
1
1
1
0
1
0
0
1
0
1
1
1
1
1
0
1
1
0
1
1
1
0
1
1
1
0
1
1
0
1
1
0
1
0
1
0
0
1
1
1
1
0
1
0
0
0
1
0
1
0
1
1
1
1
1
1
1
0
1
1
1
1
1
0
1
1
0
1
1
1
1
1
1
0
0
1
0
1
