421
126
45
404
261
72
302
76
221
61
375
324
357
348
262
19
313
196
145
201
11
374
235
302
400
307
111
84
268
48
56
134
88
154
66
285
389
363
112
376
337
375
202
187
197
299
91
194
394
218
203
285
301
341
39
139
157
74
52
396
318
157
380
283
368
399
147
104
80
108
234
247
32
210
31
194
104
253
175
412
218
387
50
225
386
411
30
110
282
386
223
239
323
62
386
167
212
211
221
2
98
144
8
338
326
158
210
147
268
165
45
37
235
262
104
321
158
328
338
410
22
187
99
191
83
167
230
5
6.81785830952546
0.363108458850806
126
1
0
1
1
1
0
1
1
1
1
0
1
0
1
1
1
1
1
0
1
0
1
1
1
1
1
0
0
1
0
1
1
1
1
1
0
1
1
1
1
1
0
1
0
1
0
0
0
1
0
0
0
0
1
1
1
1
0
0
0
1
1
0
1
1
1
1
0
0
0
0
0
1
1
1
0
1
1
0
1
0
1
0
1
0
1
1
1
0
0
1
0
0
0
0
0
1
1
1
1
0
1
0
1
1
1
0
1
0
1
0
1
1
1
0
0
0
0
0
0
1
1
0
1
1
0
