302
148
170
253
31
161
60
24
275
61
8
88
110
229
109
285
49
264
60
215
123
257
252
271
75
101
202
268
0
220
102
290
255
150
18
22
201
240
269
242
217
263
206
138
18
193
17
177
10
99
155
61
113
114
65
157
114
247
76
272
190
104
36
118
264
215
136
28
62
70
118
298
8
259
51
103
10
233
102
179
53
74
247
282
288
132
31
114
9
162
91
295
41
177
108
205
173
160
130
121
26
16
72
0
181
100
22
168
279
91
295
181
69
26
30
55
25
271
112
168
111
165
22
133
242
255
79
161
221
228
91
25
214
284
101
20
120
75
48
28
119
203
235
118
189
190
157
282
54
146
6.43806823306069
0.211537367215932
148
0
1
0
1
1
1
1
1
1
1
1
1
1
1
1
0
1
0
0
1
0
1
1
1
1
1
0
1
1
0
1
0
1
0
1
1
0
1
0
0
1
1
1
1
1
1
0
1
1
1
1
1
0
1
1
0
0
1
1
0
1
1
1
1
1
1
1
1
1
1
1
1
0
1
1
1
1
0
1
1
1
1
1
1
0
0
1
1
1
1
1
1
1
1
1
1
1
1
1
1
1
1
1
1
1
1
1
1
1
1
1
1
1
0
1
1
1
1
1
1
1
1
1
1
1
1
1
1
1
1
1
0
1
1
1
1
1
1
1
0
1
1
1
1
1
1
1
1
