373
190
271
202
209
199
285
239
166
183
229
60
245
206
318
155
201
100
105
338
275
134
235
182
148
62
116
257
91
222
370
21
232
131
341
274
322
253
201
195
84
241
31
81
192
212
355
176
15
51
112
300
97
184
337
309
7
323
120
67
9
159
243
122
133
70
320
98
138
181
364
222
75
202
145
118
209
98
157
223
351
18
197
311
113
240
122
0
99
139
242
172
260
329
252
253
25
256
152
317
230
12
342
33
16
299
280
56
188
91
70
274
316
283
158
133
206
112
280
250
265
346
158
189
152
369
63
233
149
100
30
263
268
7
48
131
273
60
2
17
307
69
373
156
320
72
202
69
357
271
301
239
186
91
176
373
78
187
171
184
112
9
285
237
309
240
363
233
5
42
24
197
9
331
29
264
232
336
33
222
328
173
88
239
329
181
80
209
363
118
236
68
9.91573314339628
0.125981144522289
190
1
1
1
1
1
1
1
0
1
1
1
1
1
1
1
0
1
0
1
1
1
1
1
1
1
1
0
0
1
1
1
1
1
1
1
1
0
1
1
1
1
0
1
1
1
1
1
1
1
1
1
1
1
1
1
1
1
1
1
1
1
1
0
1
1
1
1
1
1
1
1
1
1
1
1
1
1
0
1
1
1
1
1
1
1
1
1
1
1
1
1
0
1
1
0
1
1
1
1
1
1
1
1
1
1
1
1
1
1
1
1
1
0
1
0
0
1
1
1
1
1
1
1
1
1
1
0
1
1
1
1
1
1
1
1
1
1
1
1
1
1
1
1
1
1
1
1
1
1
1
1
0
1
1
1
1
1
1
1
1
1
1
0
1
1
1
1
0
1
1
0
1
1
1
1
1
1
0
1
1
1
0
1
1
1
1
1
1
1
1
