498
156
2
22
441
371
464
166
254
20
105
200
311
291
465
232
79
4
453
491
17
107
102
51
309
118
487
300
69
334
197
162
478
319
467
177
116
107
82
369
223
429
285
345
2
434
354
58
56
239
329
377
14
28
90
413
119
280
303
206
95
160
95
277
320
202
126
264
178
81
459
279
223
33
324
62
0
200
88
248
261
182
162
85
23
90
237
262
292
218
133
384
194
382
474
253
375
127
332
101
232
197
356
18
43
242
444
473
111
22
430
260
164
257
168
235
409
45
69
358
164
469
25
417
232
291
389
112
72
338
270
333
390
440
159
125
297
348
162
399
302
341
152
206
449
11
172
242
103
410
298
12
133
471
185
441
73
93
1.71350882349872
0.285287977364088
156
0
1
1
0
1
0
1
0
0
1
0
1
1
1
1
0
1
1
0
1
1
0
1
1
1
1
1
1
0
1
1
1
0
1
1
0
0
0
1
0
1
1
0
0
1
1
1
0
1
1
0
1
0
0
1
1
1
1
1
1
1
0
0
1
1
1
1
0
1
0
1
1
0
1
1
0
0
1
1
0
0
1
1
1
0
1
0
1
1
1
1
1
1
1
0
1
1
1
1
0
1
1
1
1
1
1
1
1
0
1
0
1
1
0
0
1
1
1
0
1
0
0
1
0
1
1
1
1
1
1
0
1
0
1
1
0
0
1
1
1
1
1
0
1
1
1
0
1
0
0
1
1
1
1
1
0
