436
130
267
306
179
139
389
426
295
294
130
292
298
271
192
423
420
295
152
326
428
151
227
90
263
188
342
215
3
289
256
68
281
87
189
294
193
397
308
78
293
26
258
378
120
376
284
288
302
190
246
253
26
53
50
116
391
128
221
74
404
151
137
287
428
164
373
249
393
118
258
327
269
290
322
395
236
136
407
35
304
79
325
125
419
198
111
109
347
58
52
154
318
411
356
65
104
219
80
192
191
1
74
113
94
247
19
1
173
195
250
91
328
404
298
281
253
339
416
20
311
104
72
402
159
216
105
428
247
23
194
227
7.14081271372635
0.100469273201423
130
1
1
1
1
1
1
1
1
1
1
1
0
0
1
1
1
1
1
0
1
1
1
1
1
1
1
1
1
1
1
1
1
1
1
1
1
1
1
1
1
1
1
1
1
1
0
1
1
1
1
1
1
1
1
1
1
1
1
1
1
1
1
1
1
1
1
1
1
1
1
1
1
1
1
1
1
1
1
1
0
1
0
1
1
1
1
0
1
1
1
0
1
1
0
1
1
1
1
1
1
1
1
0
0
1
0
1
1
1
1
0
1
1
1
1
1
0
1
1
1
1
1
1
1
1
1
1
1
1
1
