902
152
655
308
707
546
94
504
733
0
872
857
808
718
722
12
230
414
260
331
652
424
687
95
132
833
811
803
536
827
494
531
173
176
347
71
619
448
145
269
94
402
885
45
550
33
393
625
336
727
611
637
290
517
585
607
328
604
844
197
390
425
312
378
379
105
761
531
351
422
157
668
136
683
313
811
381
148
835
713
436
690
229
878
707
775
333
820
739
231
654
357
172
29
782
808
458
31
793
498
320
775
2
425
809
374
704
432
876
767
819
559
199
729
765
577
230
7
674
419
196
528
197
624
521
317
594
775
51
743
344
819
493
573
829
92
572
611
530
50
382
780
415
247
428
827
23
199
663
179
179
177
765
787
9.69671395104202
0.0894055201173171
152
1
1
1
1
1
1
1
1
1
1
1
1
1
1
1
0
1
1
1
1
1
0
1
1
1
1
1
1
1
1
1
1
1
1
0
1
1
1
0
1
1
0
1
0
1
1
1
1
1
1
1
1
1
1
0
1
1
1
1
1
1
1
1
1
1
1
1
1
1
1
1
0
1
1
1
1
1
1
0
1
1
1
1
1
1
1
1
1
1
1
1
1
1
1
1
1
1
1
1
1
1
1
1
0
1
1
1
1
1
1
1
1
1
1
1
1
1
1
1
1
1
1
1
1
1
1
1
1
1
1
1
1
1
0
1
1
1
1
1
1
1
1
1
1
1
1
1
1
1
1
0
1
