441
146
159
102
71
255
26
227
216
186
103
415
357
68
170
288
422
181
276
105
11
103
345
50
263
345
358
44
436
0
187
51
71
113
416
58
405
409
300
133
213
227
197
335
265
340
427
333
65
99
55
33
94
2
267
18
239
33
286
202
339
303
107
378
72
108
184
115
282
39
333
158
60
141
125
170
76
294
128
242
389
173
381
215
398
337
143
170
383
290
179
67
432
21
436
376
381
299
208
105
138
395
318
200
154
129
433
1
105
25
352
234
238
278
17
62
104
162
325
13
421
231
307
265
266
211
328
321
325
312
303
273
303
15
21
378
39
355
407
406
280
289
410
194
84
432
135
287
3.0453442154115
0.272716635429365
146
1
1
1
1
1
1
1
1
1
1
1
0
0
1
1
1
0
1
0
1
1
1
0
1
0
1
1
1
1
1
0
0
1
1
1
1
0
1
1
1
1
0
1
0
1
1
1
1
1
1
1
1
0
1
1
0
1
0
1
0
1
0
0
0
1
0
1
1
1
1
0
1
1
0
1
0
1
0
1
1
1
1
1
1
1
1
1
0
1
1
0
0
0
1
1
1
0
1
1
1
1
1
1
1
0
1
1
1
1
0
0
1
0
1
1
1
1
0
1
1
1
0
0
0
0
0
1
1
1
1
1
0
1
1
1
1
1
1
0
1
1
0
1
0
1
1
