903
88
443
286
792
768
221
130
830
227
633
30
315
253
293
420
546
816
138
55
162
668
288
889
552
385
180
496
390
225
558
25
626
282
511
65
807
875
128
53
541
397
688
157
867
359
269
690
580
413
863
838
570
771
807
393
178
296
251
883
381
171
22
109
679
845
176
123
778
59
585
211
56
888
354
353
798
653
774
468
28
359
270
699
86
768
94
265
307
382
3.25823022419147
0.373337624931931
88
1
0
0
0
0
0
0
1
1
0
1
0
1
1
0
1
1
0
1
0
1
1
1
0
1
1
1
1
1
1
1
1
0
0
1
0
1
0
1
1
1
1
1
0
0
1
1
0
1
1
0
1
1
0
1
1
1
0
1
1
1
1
1
0
1
0
0
1
0
1
1
1
1
1
1
1
0
0
1
1
1
1
0
1
1
0
1
1
