793
100
561
28
353
603
52
196
241
221
314
89
397
565
237
702
672
323
535
323
322
337
692
208
262
301
260
704
248
219
562
187
137
212
585
294
151
310
637
73
646
230
720
140
481
786
572
148
316
327
724
244
105
478
274
21
507
101
122
356
557
324
603
15
753
123
342
613
311
776
722
127
789
569
396
472
156
266
122
260
640
572
521
382
254
115
148
18
70
137
709
374
205
620
537
468
616
566
552
726
317
74
0.278891008079312
0.10505559265053
100
1
1
1
1
1
1
1
1
1
1
1
1
1
1
1
1
0
1
1
1
1
1
1
1
1
1
1
1
1
1
1
0
1
1
0
0
1
1
1
1
0
1
1
1
1
1
1
1
1
1
1
1
1
0
1
0
1
1
1
1
1
1
1
1
1
1
1
1
1
1
1
1
1
1
1
1
1
1
1
1
1
0
1
1
1
1
1
1
1
1
1
1
0
1
1
1
1
1
1
1
