616
182
438
426
342
53
608
583
562
231
417
166
540
102
325
477
411
476
396
501
606
465
606
279
615
45
444
579
12
338
429
25
138
270
35
541
164
221
270
110
287
342
94
119
604
476
410
386
145
178
486
294
341
310
614
352
210
144
160
180
484
124
387
29
137
218
506
209
392
581
568
590
65
614
195
340
284
521
256
192
122
615
425
410
332
95
276
204
298
78
341
183
449
151
400
171
71
423
566
106
493
556
352
601
410
427
353
339
273
345
296
556
496
539
591
331
280
274
565
26
223
407
94
107
284
216
169
115
477
584
525
474
575
218
499
283
429
610
128
576
143
374
104
229
423
185
522
586
305
63
295
303
70
392
353
366
459
602
99
95
197
588
526
117
52
414
51
220
423
327
552
588
241
573
349
442
452
93
28
536
138
387
468
549
0.149283673939693
0.324528902359384
182
0
1
0
0
1
0
1
1
1
1
0
0
1
1
1
0
1
1
1
1
1
1
1
1
0
1
1
1
1
1
1
1
0
1
0
1
1
1
0
0
1
1
0
1
1
1
1
0
1
1
1
1
1
1
1
1
0
0
1
1
0
0
1
1
0
0
0
1
0
1
1
1
1
1
1
1
1
0
0
1
0
1
1
1
1
1
1
0
1
1
0
0
1
1
1
1
0
1
0
1
1
1
1
0
0
1
1
1
0
1
1
1
1
1
1
0
1
1
1
1
1
1
1
1
1
0
0
1
0
1
1
1
0
1
0
1
1
0
0
1
0
0
1
0
1
1
1
1
1
1
0
0
1
1
1
0
0
1
1
1
0
1
1
0
0
1
1
1
1
1
0
1
1
1
1
0
0
1
1
0
0
1
