618
172
222
400
510
46
350
456
171
502
410
588
238
94
302
413
197
361
337
433
520
502
89
94
231
63
464
55
278
256
436
602
521
618
394
513
568
245
229
499
391
611
68
543
455
453
594
532
191
162
376
135
491
317
126
197
220
441
138
187
28
330
195
174
377
529
318
391
361
521
185
426
473
308
270
415
357
314
376
58
435
241
465
156
57
484
456
25
548
400
449
84
508
229
600
316
292
269
322
67
344
114
114
13
231
52
185
249
464
148
192
393
9
276
182
440
119
522
22
601
123
444
151
73
462
6
458
278
46
554
78
278
517
92
604
478
313
93
564
390
289
506
422
285
533
483
493
324
273
572
473
362
481
362
17
199
380
58
604
591
605
416
105
303
457
557
10
263
261
162
240
358
453
189
8.36926758608066
0.0919385531959327
172
1
1
1
1
1
1
0
1
0
1
1
1
1
1
1
1
1
1
1
1
1
1
1
1
1
1
0
1
1
0
1
1
1
1
1
1
1
1
1
1
1
1
1
0
1
0
1
1
1
1
1
1
1
1
1
1
1
1
1
1
1
1
0
1
1
0
1
1
1
1
1
1
1
1
1
1
1
1
1
1
1
1
0
1
1
1
0
1
0
1
1
1
1
1
1
1
1
1
1
1
1
1
1
1
1
1
1
1
1
1
1
1
1
1
1
0
1
1
1
1
1
1
1
1
1
1
1
1
1
1
1
1
1
0
1
1
1
0
1
1
1
1
1
1
1
1
1
1
1
1
1
1
1
1
1
1
1
1
0
1
1
1
1
0
0
1
0
1
1
1
1
0
