517
188
412
454
447
473
192
226
252
403
447
481
328
1
508
227
493
366
383
290
176
310
257
96
348
185
445
390
248
66
441
122
116
197
133
441
291
507
496
230
224
209
137
62
401
506
90
104
294
354
93
268
207
36
94
73
98
195
422
374
29
45
419
41
303
147
260
76
9
210
8
286
287
83
116
269
156
340
331
438
343
87
466
494
305
453
328
143
391
119
382
334
436
442
303
410
254
7
74
193
380
96
328
310
511
317
466
305
97
324
49
329
51
188
186
11
417
457
292
274
400
434
323
241
430
391
9
71
43
485
159
64
396
406
444
418
217
28
74
210
278
315
114
373
436
220
417
415
407
472
349
75
215
332
372
281
23
37
211
43
116
160
155
122
0
175
336
506
170
18
285
120
60
44
218
401
447
12
142
368
214
279
390
154
275
134
351
115
0
381
1.05387593246077
0.256815034084114
188
1
1
0
1
1
1
1
1
0
1
1
0
0
0
1
1
1
1
0
1
1
0
1
0
1
1
1
0
1
1
1
1
0
1
1
1
1
1
1
0
1
1
1
1
1
1
1
1
1
1
1
1
1
1
0
1
1
0
0
1
0
1
1
0
1
1
1
1
1
1
1
1
0
1
0
1
1
1
1
1
1
1
1
0
1
1
1
1
1
1
0
1
1
1
0
1
1
1
1
1
1
0
0
0
1
1
1
0
1
1
1
1
1
1
1
1
0
1
0
1
1
1
1
1
1
1
1
1
1
1
0
1
1
1
1
1
1
0
1
1
1
1
0
0
0
0
1
0
1
1
0
1
0
1
0
1
1
1
0
1
1
1
1
1
1
0
1
1
1
1
1
1
1
1
0
0
1
1
1
0
0
0
0
1
1
1
1
1
