285
130
195
120
225
137
153
110
36
283
166
211
216
198
170
72
268
64
140
230
19
23
13
124
107
102
245
155
245
284
35
98
31
216
241
210
167
170
40
261
179
182
210
178
157
67
282
257
285
91
197
233
86
76
75
246
267
138
74
13
121
269
227
96
197
146
200
271
91
217
31
203
30
243
5
72
258
133
274
238
119
264
160
281
202
211
59
57
272
133
269
58
78
65
97
59
47
133
78
250
93
138
249
268
70
135
193
112
198
32
28
67
75
90
63
102
256
123
116
259
126
98
227
198
78
82
207
9
188
178
123
64
3.74911133830893
0.287702459318041
130
1
1
1
1
1
1
1
1
1
1
1
1
0
0
1
0
1
1
1
1
1
1
1
1
0
0
0
1
1
1
1
0
1
0
1
1
1
0
1
0
1
1
1
1
1
1
1
0
0
1
1
1
1
1
1
1
1
0
1
1
0
1
1
0
1
1
0
1
1
0
1
1
1
1
0
1
1
1
0
1
1
1
1
1
1
1
1
1
0
1
0
0
1
1
1
1
1
0
1
1
1
1
1
1
1
0
0
1
1
1
1
1
1
1
1
1
1
0
1
1
1
1
1
1
1
1
1
1
1
0
