378
102
300
312
202
112
321
31
81
223
292
239
105
196
317
63
215
14
335
8
354
204
177
158
3
337
320
333
83
335
279
179
22
242
373
290
323
184
255
8
209
147
106
296
160
304
165
368
99
332
374
11
369
358
371
185
316
143
282
51
211
182
30
19
213
320
53
298
68
5
191
78
378
206
337
228
297
186
298
262
372
138
187
366
226
126
170
26
216
319
278
143
152
93
158
223
59
46
126
115
45
134
225
81
1.33036066268812
0.0216688995261751
102
1
1
1
1
1
1
1
1
1
1
1
1
1
1
1
1
1
1
1
1
1
1
1
1
1
1
1
1
1
1
1
1
1
1
1
1
1
1
1
1
1
1
1
1
1
1
1
1
1
1
1
1
1
1
1
1
1
1
1
1
1
1
1
1
1
1
1
1
1
1
1
1
1
1
1
1
1
1
1
1
1
1
1
1
1
1
1
1
1
1
1
1
1
1
1
1
1
1
1
1
1
1
