182
176
17
81
111
141
110
146
147
29
98
62
25
75
57
69
120
166
69
50
146
138
64
55
17
50
22
54
146
99
88
85
19
41
47
57
78
48
93
117
94
148
102
95
11
115
36
156
92
64
130
98
44
19
114
130
29
154
119
171
82
159
85
141
40
39
166
176
13
135
39
33
113
162
47
118
18
143
131
128
57
164
11
111
136
20
71
175
58
180
12
156
45
22
151
15
102
92
144
1
92
42
36
125
30
167
59
104
70
23
157
27
47
45
106
49
12
127
5
145
76
162
13
21
47
140
76
79
61
135
170
46
172
10
87
59
37
173
129
26
41
32
46
111
52
106
48
81
158
177
82
42
132
64
136
137
50
82
140
124
181
16
66
34
52
16
0
149
60
113
161
120
13
77
169
9
163
90
6.20163092367381
0.360358597808174
176
0
0
0
0
1
0
1
1
1
0
1
0
0
1
1
0
1
1
0
1
1
1
1
1
1
0
1
1
1
0
1
0
0
1
1
0
1
1
0
1
1
0
1
1
0
1
1
1
1
1
0
1
1
0
0
0
0
1
0
0
1
0
1
0
1
1
0
1
0
1
1
1
1
0
1
0
0
0
0
0
1
0
0
1
0
1
0
1
1
1
1
1
1
1
1
1
0
1
0
1
1
1
1
0
1
1
1
0
1
1
1
0
1
0
1
1
0
0
0
1
0
0
0
0
1
1
1
0
1
1
0
1
0
1
0
1
1
0
0
1
0
0
0
1
0
1
1
0
1
0
1
0
1
0
1
1
0
1
1
1
1
0
1
1
0
0
1
0
1
0
1
1
1
0
0
0
