804
132
65
608
220
152
90
496
34
473
407
50
40
625
282
690
748
199
488
613
652
350
413
5
654
5
366
282
13
267
200
459
507
601
792
80
673
101
725
343
142
427
257
587
522
432
249
386
402
313
502
10
286
318
34
449
75
502
758
161
276
94
235
415
613
661
235
16
392
272
329
738
420
46
368
389
196
688
530
25
428
772
500
127
602
306
539
491
444
670
779
357
452
168
650
381
128
367
256
147
669
488
364
460
775
124
248
488
201
639
438
704
773
404
380
564
235
350
58
401
116
717
62
279
151
663
430
0
135
577
184
404
604
17
9.42666163853716
0.271804241974014
132
1
1
1
0
0
1
0
1
1
1
0
1
1
1
1
0
1
0
1
1
1
1
1
1
1
0
0
1
1
1
1
1
0
1
1
0
0
1
1
1
0
1
1
0
1
1
1
0
0
1
1
1
1
1
1
1
0
0
1
1
1
1
1
1
0
1
0
1
0
1
0
1
1
1
1
1
0
1
1
0
1
0
1
1
1
1
1
0
1
1
1
0
1
1
1
1
0
0
1
1
1
0
0
1
1
0
1
1
1
1
1
1
1
1
1
1
0
0
1
1
1
0
1
1
1
0
0
1
1
1
1
0
