444
144
387
295
109
235
111
382
436
355
6
39
252
85
142
414
36
90
267
325
91
376
176
231
35
196
129
99
417
429
39
4
141
92
227
141
224
161
318
340
290
340
144
246
128
286
113
375
80
104
126
390
190
90
271
34
336
303
314
123
308
395
318
141
437
123
383
83
150
33
316
18
255
255
44
196
414
58
271
403
91
436
182
192
408
279
249
148
104
18
284
226
119
21
204
75
354
222
7
70
224
97
39
8
154
415
16
109
426
248
333
130
245
420
104
361
269
247
143
412
22
367
443
218
105
400
421
210
395
85
443
310
37
330
56
139
155
156
366
168
255
296
11
214
55
251
2.5481890593261
0.110716966908252
144
1
1
0
1
1
1
1
1
1
0
1
1
1
1
1
1
1
1
1
1
0
1
1
1
1
1
1
1
1
1
1
1
1
1
1
1
1
1
0
1
1
0
0
0
1
1
1
1
1
1
0
1
1
1
1
1
1
1
1
1
1
1
1
1
1
1
1
0
1
1
1
1
1
1
1
1
1
1
1
0
1
0
1
1
1
1
1
0
0
1
1
1
1
1
1
1
1
1
1
1
0
1
1
1
1
1
1
1
1
1
1
1
1
1
1
0
1
1
1
1
1
1
1
1
1
1
1
1
1
1
1
1
1
1
1
1
1
0
1
1
1
1
0
1
