284
170
138
257
249
190
0
253
101
103
84
138
26
261
6
41
20
146
79
68
17
184
15
146
25
91
117
125
199
131
221
55
31
94
5
41
107
246
272
54
35
155
214
263
77
1
143
199
31
52
173
45
204
187
254
225
259
284
56
238
127
217
119
153
31
104
195
165
194
119
270
62
188
63
82
200
231
128
131
30
229
184
38
261
249
67
269
111
106
122
278
198
255
257
35
210
60
84
106
124
192
123
5
176
187
204
168
272
273
14
166
265
280
17
74
20
88
164
155
191
218
76
116
1
141
47
25
100
153
118
268
2
195
174
64
11
182
95
165
15
188
233
258
210
10
215
8
184
27
109
163
47
22
132
134
259
45
283
29
7
238
247
243
48
38
101
230
167
177
56
35
72
1.26488091781973
0.383358576468052
170
0
1
0
1
1
0
1
1
0
1
1
1
0
1
0
1
1
1
0
0
1
1
1
1
1
0
1
0
0
1
1
1
1
0
1
0
1
0
1
1
0
0
1
1
1
0
0
0
1
0
0
1
1
0
1
0
0
0
0
1
1
1
0
1
0
1
1
1
1
0
1
0
1
1
0
0
0
0
1
0
1
1
0
0
1
1
0
0
0
1
1
1
1
0
0
1
1
0
1
0
1
1
1
1
1
0
1
0
0
0
1
1
1
0
1
1
1
1
0
0
1
1
0
0
0
1
0
1
0
1
1
1
1
1
0
1
1
0
0
1
1
1
1
1
0
1
0
0
0
0
0
1
0
1
1
1
0
1
1
0
1
1
1
1
0
1
1
0
1
1
