861
144
129
508
322
785
210
608
701
269
674
446
516
192
763
0
774
703
112
50
427
427
676
700
350
769
110
774
668
692
289
101
742
255
244
49
341
152
718
606
788
313
119
520
90
808
569
719
399
788
325
665
511
289
225
505
486
797
772
77
257
88
305
151
167
156
426
759
458
257
857
402
93
345
818
564
702
457
248
132
596
364
763
685
289
175
24
357
412
492
260
52
816
347
245
205
266
250
788
524
374
568
738
176
77
628
478
640
117
87
476
113
59
854
202
631
29
784
369
389
80
548
387
735
493
75
859
654
116
194
792
706
126
157
398
147
323
278
52
757
139
547
391
108
465
736
0.148293844341822
0.333178833542713
144
1
0
0
1
1
1
0
1
1
1
0
1
1
1
0
1
1
1
1
1
0
0
0
0
1
1
1
1
0
1
1
1
1
1
1
1
1
1
1
0
0
0
1
1
0
1
1
1
0
1
1
0
0
0
0
0
1
1
1
1
0
1
1
1
0
0
1
1
1
1
1
1
1
1
1
0
1
0
0
1
1
0
1
1
0
1
0
0
1
1
1
1
1
1
1
1
1
1
0
1
1
1
1
1
1
0
1
1
1
1
1
1
1
1
0
1
1
1
1
0
0
1
1
1
1
0
0
0
1
0
0
0
1
1
0
1
1
1
1
1
0
0
1
1
