228
186
58
205
211
55
109
223
44
23
119
32
6
99
37
73
87
195
118
15
203
209
225
113
130
90
107
113
99
11
51
93
224
16
223
137
211
133
65
28
201
136
48
160
72
27
227
143
188
13
194
217
104
188
103
188
185
53
97
203
76
88
150
36
16
191
155
8
142
227
56
192
71
21
209
160
149
179
126
16
174
5
5
96
135
4
13
70
126
100
120
64
7
209
224
74
140
113
50
11
51
131
95
59
134
31
21
50
182
89
128
142
145
32
35
213
11
193
216
43
100
115
7
73
81
97
99
51
23
55
209
67
108
29
120
134
24
182
51
65
66
120
187
77
35
177
165
51
187
172
205
203
54
70
158
10
120
68
214
59
214
4
104
199
125
186
39
64
135
37
4
90
92
116
111
61
225
38
39
209
209
82
168
178
160
134
142
11
9.30276529442643
0.34732702847137
186
1
0
0
1
1
1
1
1
1
0
1
1
1
0
1
0
1
1
1
0
1
0
1
0
1
1
0
0
0
1
0
1
1
1
0
0
1
1
1
1
1
1
0
1
1
1
0
1
1
1
1
0
1
0
1
1
1
1
1
1
1
1
0
1
0
1
0
0
1
1
1
1
1
0
1
0
0
0
0
1
1
1
0
1
1
1
1
1
1
0
1
1
1
1
0
1
1
1
1
1
1
1
1
1
1
1
1
1
1
1
0
1
0
0
1
0
1
1
0
1
1
0
1
1
1
1
1
1
0
1
0
1
0
1
1
0
1
0
1
1
1
1
0
1
0
0
1
1
0
0
0
1
1
1
1
1
0
0
1
1
1
1
1
1
1
0
1
1
0
1
1
1
1
0
1
1
0
1
0
1
0
1
1
1
1
0
