900
180
107
512
167
705
64
499
342
883
438
150
545
730
706
456
181
720
568
201
476
825
579
199
389
671
900
81
466
301
860
710
883
8
459
805
203
503
440
665
800
139
485
856
320
195
209
777
234
811
649
630
328
399
196
428
609
239
413
747
202
709
671
630
330
34
658
419
82
871
267
381
434
228
279
393
455
529
862
887
881
57
369
710
36
451
472
224
143
695
618
565
480
753
198
534
648
707
736
750
630
219
129
490
122
49
304
75
436
392
874
394
809
878
165
404
689
70
3
232
706
430
221
789
476
621
856
478
1
546
685
658
586
416
860
510
276
621
704
867
213
118
4
346
753
683
129
73
357
123
135
406
203
7
233
570
193
883
798
280
877
315
306
454
106
189
846
736
494
273
656
353
531
690
859
282
331
596
296
787
605
491
2.57182192321315
0.0933180491203533
180
1
1
1
1
1
0
1
1
1
1
1
1
1
1
1
1
1
1
1
1
1
1
1
1
1
1
1
1
1
1
1
1
1
1
1
1
1
1
1
1
1
1
1
1
1
1
1
0
1
1
1
1
1
1
1
1
0
1
1
1
1
1
1
0
1
1
1
1
1
1
1
1
1
1
1
1
1
1
1
1
1
0
1
1
1
1
1
1
0
1
1
1
0
1
1
1
1
1
1
0
1
1
1
1
1
1
1
1
1
1
1
1
1
1
1
1
1
1
0
1
1
1
1
1
1
1
0
1
1
1
1
1
1
1
0
1
1
1
1
0
1
1
1
1
0
1
0
1
1
1
1
1
0
1
1
1
1
0
1
1
1
1
1
1
1
1
1
1
1
1
1
1
1
1
1
1
1
1
1
1
