869
154
207
317
380
389
529
73
670
618
95
296
454
734
63
780
668
115
242
606
806
721
686
464
8
613
71
132
239
789
291
787
746
734
563
243
147
82
778
278
747
259
182
769
537
783
365
71
401
770
250
407
325
110
427
663
541
276
502
321
18
220
367
533
719
281
368
766
427
861
614
827
620
12
847
189
278
265
517
550
5
451
34
107
681
711
544
300
693
380
2
245
244
170
52
789
318
149
776
112
211
225
728
294
413
231
120
569
193
389
126
622
171
171
394
797
187
371
470
734
637
515
270
694
605
493
858
365
85
371
43
57
495
446
31
618
455
328
6
470
842
604
742
217
252
479
42
745
398
361
590
447
278
261
865
138
5.2754476988659
0.0626183915901971
154
1
1
1
1
0
1
1
1
1
1
1
1
1
1
1
1
1
1
1
0
1
1
1
1
1
0
1
1
1
0
1
1
1
1
1
1
1
1
1
1
1
1
1
1
1
1
1
1
1
1
1
1
1
1
1
1
1
1
1
1
1
0
1
1
1
1
1
1
1
1
1
1
1
0
1
1
1
1
1
1
1
1
1
1
1
1
0
1
1
1
1
1
1
1
1
1
1
1
1
1
1
1
1
1
1
1
1
1
1
1
1
0
1
1
1
1
1
1
1
1
1
1
1
1
0
1
1
1
1
1
1
1
1
1
1
1
0
1
1
1
1
1
1
1
1
1
1
1
1
1
1
1
1
0
