333
162
83
233
2
254
74
122
69
0
9
168
205
188
17
185
78
181
14
136
139
177
319
332
157
92
164
128
141
294
192
138
26
217
233
20
55
245
98
42
121
292
270
50
130
169
182
93
262
273
243
27
243
99
153
82
234
200
211
7
49
261
245
25
66
258
230
328
237
258
167
116
317
292
156
153
115
242
295
32
155
37
294
305
31
297
322
10
151
175
168
258
136
216
64
173
310
229
57
8
39
235
130
32
316
288
258
205
189
239
292
306
93
218
183
214
209
127
223
171
187
193
250
304
6
318
169
282
165
18
190
199
162
210
112
103
319
61
286
304
135
105
332
226
133
32
327
91
299
115
58
43
297
14
259
148
63
173
148
243
140
118
34
138
3.97877492435998
0.148717581284951
162
1
1
1
1
1
1
1
1
1
1
1
1
0
1
1
1
1
0
1
1
1
0
1
1
1
1
1
1
1
0
1
1
1
1
1
1
1
1
1
1
1
1
0
1
1
1
1
1
1
0
1
1
1
1
1
1
1
1
1
0
1
0
1
1
1
1
1
0
1
1
1
1
1
1
1
1
1
1
1
1
1
1
1
1
1
1
1
0
1
0
0
1
1
1
0
1
1
1
1
1
1
1
1
0
1
1
1
1
1
1
0
1
1
1
1
1
1
1
1
1
1
1
1
1
1
1
1
0
1
1
1
1
1
1
1
1
1
1
1
0
1
1
1
1
1
1
1
1
1
1
1
1
1
1
1
1
1
0
1
1
1
0
