122
102
21
120
18
3
66
33
102
111
41
114
61
122
98
75
51
80
35
3
78
45
96
30
94
30
39
114
44
61
94
119
103
61
39
4
86
78
108
104
12
6
45
87
113
61
21
49
39
16
70
40
62
25
82
97
106
109
103
49
76
27
118
91
53
30
80
63
66
39
57
12
86
33
104
92
71
86
90
21
68
98
43
57
84
47
122
63
44
101
2
65
30
85
52
72
55
54
116
122
0
90
22
95
9.30596352562131
0.268206319486283
102
1
1
1
1
1
1
1
1
1
1
1
1
0
1
1
0
1
1
1
1
1
1
0
1
0
0
1
0
1
0
0
1
1
1
1
1
0
0
0
1
1
0
0
1
0
1
0
0
1
0
1
1
1
1
0
1
1
1
1
0
0
1
1
0
1
0
1
1
1
0
1
1
1
0
0
0
1
1
1
1
1
1
1
1
1
1
1
1
1
0
0
0
1
0
1
1
0
0
1
1
1
0
