683
168
571
502
168
467
16
124
659
476
619
334
493
59
516
219
162
231
367
26
639
67
474
369
1
528
21
21
33
653
155
268
65
202
428
392
144
333
194
201
440
392
31
334
115
487
376
182
21
146
375
136
285
287
642
255
154
186
220
466
225
153
269
295
51
313
517
675
407
251
145
327
94
561
455
440
268
256
196
423
286
434
490
345
404
562
138
107
317
483
66
342
672
155
632
429
110
551
679
270
221
33
522
21
621
590
25
513
436
563
380
478
662
267
678
258
14
288
590
232
454
66
93
336
471
47
551
8
643
354
525
625
494
662
443
540
315
366
640
658
148
609
28
548
531
623
2
640
19
406
141
51
53
559
545
401
321
89
651
589
421
619
517
441
641
289
232
638
337
456
2.17111455480041
0.240750154188305
168
1
1
1
1
1
1
0
1
1
1
0
1
1
0
1
1
0
1
1
1
1
1
1
0
1
1
1
1
0
1
1
1
0
1
0
1
1
0
1
0
1
1
0
0
1
1
1
0
1
0
1
1
1
1
1
1
1
1
1
1
1
1
0
1
1
1
0
1
0
1
0
1
1
1
1
1
1
1
1
0
1
1
1
1
1
0
1
1
0
0
1
1
1
1
1
1
1
1
1
1
0
0
1
1
0
0
1
1
1
1
0
1
1
1
1
1
1
0
0
1
1
1
1
1
1
1
1
1
1
0
0
1
0
0
1
1
0
1
1
1
1
0
1
1
1
1
0
1
1
1
1
0
0
0
1
1
1
0
0
1
1
1
0
1
1
0
1
1
