382
84
214
138
222
217
278
38
237
181
272
281
191
257
225
178
58
218
244
363
65
7
61
275
209
306
33
215
93
33
334
302
167
350
13
375
62
11
11
54
99
149
338
122
335
84
376
231
21
240
17
126
158
368
113
256
142
151
285
150
18
308
366
240
154
355
288
297
159
91
129
315
81
139
310
358
379
295
223
112
336
169
123
277
172
100
3.16614617937619
0.305875723128093
84
0
1
0
0
0
1
1
1
0
0
1
1
1
1
1
0
1
0
1
0
1
1
1
1
1
1
0
1
1
1
1
1
0
1
1
1
1
1
1
1
1
1
0
0
1
1
1
1
1
1
0
1
1
1
1
1
1
1
1
1
1
1
1
1
0
0
1
1
0
0
1
0
1
1
1
0
1
1
0
0
1
0
0
0
