653
164
173
393
127
64
631
496
589
45
112
200
431
276
474
462
187
69
511
313
356
26
249
201
327
57
644
25
385
324
308
414
54
163
303
575
620
453
32
52
642
95
526
31
416
352
539
471
599
264
370
0
650
279
164
409
53
460
633
60
256
93
235
349
523
313
94
158
51
44
515
47
211
180
391
215
291
287
222
395
636
147
157
532
68
430
350
220
33
573
310
233
170
540
402
596
489
396
645
508
448
176
412
401
477
175
529
10
237
345
185
185
204
183
159
449
368
398
300
636
386
519
611
356
390
328
71
365
347
6
208
421
368
266
69
11
210
306
201
344
407
503
286
55
627
51
157
152
285
57
54
49
481
436
201
267
323
285
437
63
96
539
503
221
96
535
0.0358698673958269
0.0974211511418333
164
1
0
0
1
1
1
1
1
1
1
1
1
1
1
1
0
1
1
1
1
1
1
1
1
1
1
1
1
1
1
0
1
1
1
1
1
1
1
0
1
1
1
1
1
1
1
1
1
1
1
1
1
1
1
1
1
1
1
1
1
0
1
1
1
1
1
1
1
1
1
1
1
1
1
1
1
1
1
1
1
0
1
1
1
1
1
1
1
1
1
0
1
1
1
1
0
1
1
1
1
1
0
1
1
1
1
1
1
1
1
1
1
1
0
0
1
1
1
1
1
1
1
1
1
1
1
1
1
1
1
1
0
0
1
1
1
1
0
1
1
1
1
1
1
0
1
1
1
0
1
1
1
1
0
1
1
1
1
1
1
1
1
1
0
