989
82
923
477
669
542
764
259
379
257
468
519
957
510
934
112
571
950
718
718
2
503
673
603
328
635
673
414
768
21
138
731
165
654
63
648
726
226
975
111
920
48
225
573
459
974
904
802
667
152
434
537
943
203
43
693
51
475
894
470
431
799
66
56
418
683
443
639
219
918
937
61
915
376
25
350
772
352
540
872
756
402
313
704
8.13960587791766
0.380037848813052
82
1
0
0
1
1
1
0
1
1
1
1
1
1
0
0
1
0
1
1
1
1
0
1
0
0
1
0
1
1
1
1
1
1
1
1
1
1
1
1
1
0
0
1
1
1
0
0
1
0
0
1
0
0
1
1
0
0
1
1
0
1
0
1
1
1
1
1
0
1
1
0
0
0
1
0
1
1
1
1
0
0
1
