660
200
266
181
631
497
617
613
181
82
14
478
282
84
184
471
131
473
471
464
534
183
548
71
626
420
270
642
653
113
109
565
107
261
509
154
527
226
168
440
524
480
9
302
306
201
597
219
151
621
348
575
462
565
376
627
164
456
353
346
344
498
387
297
595
333
185
282
420
534
395
593
178
14
197
627
448
628
464
440
12
276
443
213
317
71
101
393
372
456
221
80
604
548
455
439
45
73
294
212
117
290
293
169
210
150
249
498
306
72
88
480
643
55
516
325
453
257
322
135
604
176
59
146
276
139
298
606
523
491
34
522
532
388
220
44
19
8
225
61
407
155
53
36
199
599
305
358
5
205
94
66
397
320
406
5
140
65
156
343
530
87
109
631
550
517
331
533
386
22
328
615
23
593
626
255
231
655
347
314
643
176
276
201
352
242
177
259
654
244
377
342
440
390
611
299
340
167
540
404
625
536
6.40532728178886
0.328283689475327
200
0
1
0
0
1
1
0
1
1
1
1
1
1
0
1
0
1
0
1
1
1
1
1
1
0
0
0
1
1
1
1
1
0
1
1
0
1
1
0
1
1
1
1
1
1
0
1
0
1
1
1
0
1
1
1
1
1
0
1
1
0
0
1
1
0
1
1
0
1
1
1
0
0
1
0
1
0
0
1
0
0
1
1
0
1
1
1
1
1
1
1
1
1
1
0
1
1
1
1
1
1
1
1
1
1
1
1
1
1
1
1
0
1
0
1
1
1
1
1
1
1
0
0
0
1
1
1
0
0
1
1
0
1
0
0
1
0
1
0
1
1
0
1
1
1
1
1
1
1
0
1
1
0
1
1
0
1
1
1
1
0
1
0
1
1
1
1
1
1
1
1
0
1
1
0
1
0
1
1
1
0
1
0
1
1
1
1
0
0
0
0
1
1
0
0
1
0
1
1
1
