913
122
797
559
120
157
143
38
200
505
828
252
701
144
72
458
115
124
652
684
677
802
319
897
243
826
431
374
726
672
429
183
896
898
373
205
582
300
404
48
335
665
801
109
109
192
394
72
673
872
753
694
676
303
703
654
187
243
59
371
535
267
307
546
381
768
205
912
341
892
73
565
514
441
533
326
860
430
89
347
120
861
885
646
812
380
161
115
728
369
536
662
75
162
422
901
425
84
296
575
802
863
547
292
313
577
238
648
760
584
537
81
370
198
129
133
122
218
111
713
542
192
109
903
2.13147678077797
0.323629544967534
122
0
0
1
1
0
1
0
1
1
0
1
1
0
1
1
1
1
1
0
1
1
0
0
1
1
0
0
1
0
1
1
0
1
0
1
1
0
1
1
0
1
0
1
1
0
1
1
0
1
1
0
1
0
1
1
1
0
0
1
1
1
0
0
0
0
1
1
1
1
0
1
0
1
1
0
1
1
1
1
1
0
0
1
0
0
1
1
0
0
0
1
0
1
1
1
0
1
0
0
1
1
1
1
1
0
1
1
0
0
1
1
1
0
1
1
1
1
0
1
1
0
1
