188
98
168
187
59
159
158
52
131
130
13
170
16
87
48
116
175
123
1
168
33
100
171
162
24
112
80
157
126
111
9
187
42
53
54
5
55
61
153
140
77
163
30
142
136
90
101
138
146
90
69
21
91
129
163
55
6
55
109
28
84
41
114
184
179
12
42
99
87
17
108
128
145
21
130
140
162
135
64
155
5
19
44
82
14
146
88
114
143
99
174
46
31
186
10
96
142
30
72
157
9.47239964678767
0.341136017868827
98
1
1
0
1
0
0
0
1
1
1
1
0
1
1
0
1
1
0
1
0
0
0
0
1
1
1
0
0
0
1
1
0
1
1
1
1
1
0
1
0
0
0
1
0
1
1
0
1
1
1
0
0
1
0
0
0
1
1
1
1
0
1
1
1
1
0
0
1
0
1
1
1
1
1
0
1
1
0
1
1
0
1
1
1
1
0
1
1
1
1
1
1
1
1
0
1
1
1
