484
188
336
262
77
369
386
300
133
42
157
95
46
127
429
310
123
375
143
436
468
99
354
287
204
212
165
270
136
193
442
476
7
157
203
155
329
195
311
111
6
249
471
413
448
58
365
109
117
0
389
410
213
117
114
374
430
10
118
310
471
304
316
78
235
83
229
182
111
59
348
238
129
163
242
224
475
253
395
10
473
175
93
416
29
79
374
143
20
96
376
53
164
212
259
289
242
452
418
299
270
58
383
102
108
23
115
166
261
174
118
180
298
270
70
309
396
141
404
296
258
247
120
109
52
153
223
59
34
402
46
135
21
360
115
78
229
284
262
314
335
449
175
418
47
168
322
392
113
9
164
189
322
284
364
473
320
418
249
262
359
85
41
321
109
411
339
215
299
57
54
43
79
293
473
122
154
275
249
291
295
395
214
336
383
68
81
392
38
343
0.261295363955314
0.391516920301654
188
0
1
1
0
1
0
1
1
1
1
1
0
1
0
0
0
1
1
0
1
1
1
0
1
1
0
1
1
1
1
1
1
0
0
1
1
1
1
1
1
1
1
1
1
1
0
0
0
1
1
0
1
0
0
0
0
1
1
1
1
1
0
0
0
1
0
1
0
0
1
1
0
0
1
1
1
0
0
1
1
0
1
0
1
1
0
0
0
1
0
1
1
0
1
1
1
1
1
1
0
1
1
0
0
0
0
1
1
0
1
1
0
0
1
0
1
1
1
0
1
0
0
0
1
1
1
0
1
0
0
0
0
1
1
0
1
1
1
0
0
1
1
1
1
1
0
1
0
1
0
0
0
1
0
1
1
0
1
1
0
1
0
1
1
0
0
1
1
1
0
1
0
1
1
0
0
0
1
0
1
1
0
1
1
1
1
1
1
