459
172
98
385
372
305
415
371
318
381
95
56
26
26
155
344
363
386
133
249
170
364
384
350
125
59
358
380
224
400
73
155
367
59
24
92
375
390
214
287
371
96
406
111
419
374
129
3
262
243
427
431
243
381
365
250
128
347
329
401
142
421
377
193
337
32
94
232
136
410
13
99
181
193
112
122
263
449
257
353
14
162
71
47
324
329
367
310
4
252
378
60
169
97
284
436
196
77
280
374
339
217
176
135
250
71
371
302
452
387
348
234
107
23
181
447
400
182
279
148
410
305
362
169
370
313
159
99
337
434
231
429
413
236
352
89
446
373
445
271
216
355
345
239
384
82
8
72
100
190
107
62
268
280
208
299
255
148
352
368
194
416
322
286
379
206
258
280
357
394
265
307
135
69
1.85714233013463
0.225889617129642
172
0
1
1
1
1
1
1
1
1
1
1
1
1
1
1
1
1
1
1
0
1
1
1
0
1
1
1
1
1
1
1
0
1
0
1
1
1
1
1
1
0
1
1
1
0
0
0
0
0
0
1
1
1
0
1
1
1
1
1
1
1
1
0
1
1
1
0
1
1
0
1
1
1
0
1
0
1
1
1
1
1
1
0
1
1
1
1
1
0
0
1
1
1
1
1
0
1
1
0
1
0
0
1
0
0
1
1
1
1
1
1
1
1
1
1
1
1
1
0
1
1
1
1
0
1
1
1
1
1
1
0
1
1
0
1
1
1
1
1
1
1
1
1
1
1
1
1
1
1
1
1
0
1
1
1
1
0
1
1
1
1
1
1
1
1
1
1
1
1
0
1
1
