809
94
175
479
372
677
71
263
620
186
60
261
801
485
615
357
28
271
565
429
205
671
301
301
375
149
277
456
563
54
772
465
524
219
512
191
384
726
45
43
244
28
233
771
566
25
286
255
295
711
17
76
712
368
663
259
319
702
315
450
368
216
193
265
45
164
333
597
246
753
462
623
53
91
200
286
62
161
344
135
360
324
732
214
286
225
507
338
408
424
372
39
808
159
54
66
5.88066702853113
0.280335940671369
94
0
0
0
1
0
1
0
1
1
1
1
0
1
1
1
1
1
1
1
0
1
0
0
0
1
1
0
1
1
1
1
1
1
1
1
1
1
1
1
1
1
1
0
0
1
1
1
1
0
1
1
1
1
0
1
1
0
0
1
1
0
1
1
1
0
1
1
1
0
1
1
1
0
1
1
1
0
1
1
1
1
1
1
1
1
0
1
0
1
1
0
0
1
1
