410
102
183
163
12
357
16
46
176
107
49
323
95
328
177
404
94
21
177
310
235
397
365
374
69
364
202
96
245
265
406
57
249
134
320
43
99
395
286
358
264
397
184
157
304
83
408
396
151
385
235
327
53
219
160
388
347
219
153
335
388
346
331
71
266
300
285
373
296
182
118
199
277
225
297
5
110
227
191
396
0
227
111
202
50
144
361
337
226
266
357
395
225
345
240
96
171
282
387
173
167
240
254
133
5.02374300412299
0.255009539449472
102
1
1
1
0
1
1
1
1
1
1
1
1
0
1
1
0
1
1
0
1
1
1
1
1
1
1
1
1
1
0
1
0
1
1
1
1
1
0
0
0
0
0
1
0
1
1
0
1
1
1
1
1
0
1
1
0
1
1
1
1
1
1
1
1
1
1
1
1
1
1
1
1
0
1
0
1
1
1
0
1
0
1
1
0
1
1
1
0
1
1
1
0
1
1
1
1
1
1
1
1
1
0
