459
148
194
41
103
179
443
332
198
402
162
198
42
290
130
18
436
4
319
199
394
81
350
107
440
181
135
83
443
406
42
436
138
77
114
340
18
84
443
59
54
233
401
386
183
366
35
150
46
317
396
342
349
167
214
163
400
82
269
101
214
437
440
434
155
267
230
406
32
175
76
211
310
289
120
73
370
366
182
380
283
408
168
386
434
110
177
436
252
329
369
294
334
394
442
419
92
432
434
237
282
233
371
403
389
429
275
401
35
140
301
67
417
251
101
437
174
281
33
99
112
348
252
117
383
369
395
226
258
327
199
235
364
427
291
183
212
291
372
326
407
139
369
365
45
165
422
217
208
145
4.87115177774915
0.311708029409431
148
1
1
0
1
0
1
0
1
1
1
1
0
1
1
0
0
1
0
1
1
1
1
1
1
0
0
0
0
0
1
1
0
1
1
1
1
1
1
1
0
0
1
1
1
1
1
1
1
0
1
1
1
1
0
0
1
0
1
1
0
1
1
1
1
0
0
1
1
1
1
0
1
1
1
0
1
0
1
1
1
1
1
1
0
1
1
0
1
1
0
0
1
1
1
1
1
0
0
1
1
0
0
1
1
1
0
1
1
1
1
0
1
1
0
0
1
0
0
1
1
0
1
1
1
1
1
0
1
0
1
0
1
1
1
1
0
0
0
0
1
0
1
1
1
1
1
0
0
