415
166
375
44
319
186
216
277
18
352
340
25
100
120
92
383
329
213
239
186
378
343
46
66
16
50
383
364
47
405
262
368
160
268
47
1
229
296
338
337
138
137
152
0
65
164
73
68
201
360
54
340
44
345
364
142
191
399
147
259
40
36
187
178
9
6
355
133
171
58
199
327
256
4
282
237
33
346
217
0
119
10
46
284
370
227
124
51
333
209
330
388
141
413
410
54
285
171
406
182
193
314
22
15
299
195
356
204
332
387
377
173
390
134
179
57
345
277
370
57
145
86
28
166
383
343
182
410
117
91
90
375
157
288
102
128
1
373
298
310
122
95
1
37
231
369
60
104
131
184
228
300
198
170
381
349
312
411
340
215
225
71
183
276
131
303
82
89
6.9704149637994
0.193325929302986
166
1
1
1
1
0
0
1
1
1
1
1
1
1
1
1
1
1
1
1
1
1
1
0
1
1
1
1
1
1
1
1
1
1
1
1
1
0
0
1
1
0
1
1
1
1
1
1
1
1
1
1
1
1
1
1
1
1
1
1
1
1
1
1
1
1
1
0
1
1
0
1
1
1
0
1
0
1
0
1
1
1
0
1
0
1
0
1
1
0
1
1
0
0
1
1
1
0
1
1
1
1
1
1
1
1
1
1
1
1
0
1
1
0
0
1
1
0
1
0
0
1
1
1
1
1
0
1
1
1
1
0
1
1
1
0
0
0
1
1
1
1
0
1
0
1
1
1
1
0
1
1
1
0
1
1
1
0
1
1
1
0
1
1
1
1
1
