401
190
197
74
265
184
266
105
133
323
14
50
153
239
240
290
39
90
84
249
99
346
365
283
396
2
202
302
293
20
157
202
273
334
114
223
191
139
176
119
145
203
162
59
119
90
306
150
15
114
210
247
1
333
90
143
229
323
224
129
300
286
223
111
367
309
164
300
116
172
136
283
158
60
66
343
164
166
236
331
211
45
57
306
371
107
131
178
339
283
156
231
38
277
296
248
242
58
175
276
369
122
24
375
10
87
283
46
41
61
350
19
182
59
278
146
41
358
262
243
341
333
346
380
80
183
9
331
220
34
340
279
399
327
206
56
248
12
220
98
386
155
211
217
78
96
186
366
253
221
173
318
226
196
156
227
57
68
353
229
376
401
293
332
325
278
221
67
229
43
16
146
124
340
332
70
269
233
123
43
80
118
148
1
179
304
261
196
224
59
227
71
8.94848470332115
0.0264497507996563
190
1
0
1
1
1
1
1
1
1
1
1
1
1
1
1
1
0
1
1
1
1
1
1
1
1
1
1
1
1
1
1
1
1
1
1
1
1
1
1
1
1
1
1
1
1
1
1
1
1
1
1
1
1
1
1
1
1
1
1
1
1
1
1
1
1
1
1
1
1
1
1
1
1
1
1
1
1
1
1
1
1
1
1
1
1
1
1
1
1
1
1
1
1
1
1
1
1
0
1
1
1
1
1
1
1
1
1
1
1
1
1
1
1
1
1
1
1
1
1
1
1
1
1
1
1
1
1
1
1
1
1
1
1
1
1
1
1
1
1
1
1
1
1
1
1
1
1
1
1
1
1
1
1
1
1
1
1
1
1
1
1
0
1
1
1
1
0
1
1
1
1
1
1
1
1
1
1
1
1
1
1
1
1
1
1
1
1
1
1
1
