407
138
362
313
76
3
240
126
21
335
343
56
61
398
294
219
100
87
187
298
250
94
39
99
212
72
270
394
11
185
283
254
162
379
220
221
154
324
102
387
15
5
308
360
0
39
251
58
175
226
142
330
345
9
332
48
289
58
276
169
66
30
386
332
253
245
207
215
10
382
344
96
149
116
253
308
228
168
214
249
182
253
342
235
398
365
25
31
41
192
45
393
77
296
155
243
104
311
332
407
28
18
134
252
239
284
361
248
349
140
89
345
40
344
352
260
90
222
395
122
394
109
325
266
24
368
387
255
115
233
43
62
111
396
144
392
137
60
280
192
9.01488351566021
0.38482129206025
138
0
1
1
0
1
0
1
1
1
0
1
1
1
0
0
1
1
1
1
0
1
0
1
0
1
0
1
1
1
0
1
0
1
1
0
0
0
0
1
0
0
0
1
1
0
1
1
0
1
1
1
0
1
1
1
0
0
1
0
1
0
1
1
0
1
0
1
0
1
1
1
1
1
0
1
0
1
1
0
0
1
0
1
1
0
0
0
0
1
1
0
1
1
0
1
0
0
0
1
1
1
1
1
0
1
0
1
1
0
1
0
1
0
0
0
0
0
0
1
1
0
1
0
1
1
0
1
1
1
1
1
1
0
1
1
1
1
1
