530
182
73
71
15
14
208
248
19
228
255
385
511
492
337
258
75
103
499
10
292
88
395
309
163
206
261
480
45
530
143
506
320
413
333
521
314
143
88
511
21
509
289
467
319
60
298
189
169
238
498
408
80
119
252
155
133
16
412
517
523
523
433
206
264
74
165
193
139
99
185
91
64
205
52
22
281
160
289
129
238
331
369
317
393
509
394
220
478
181
47
431
246
116
20
163
240
489
104
157
396
248
166
183
445
278
426
476
32
275
212
436
188
299
250
403
301
468
369
393
496
172
207
503
301
395
99
38
409
286
475
47
242
301
7
240
118
530
157
8
33
74
348
305
26
307
176
295
228
269
398
472
432
329
151
474
433
42
461
306
66
130
331
374
297
30
470
469
302
47
64
381
365
431
265
227
430
112
100
344
496
400
486
180
7.46446535559481
0.148817941910073
182
1
1
1
1
0
1
1
1
1
1
1
1
1
1
1
1
1
1
1
1
1
1
1
1
1
1
1
1
1
1
1
0
1
1
1
1
1
1
1
1
1
1
1
0
1
1
0
1
0
1
1
1
1
1
1
1
1
1
1
0
1
1
1
1
1
1
0
1
1
1
0
1
1
0
1
1
1
1
1
1
1
1
1
1
1
1
1
1
1
1
1
1
1
1
1
1
1
1
1
1
1
1
1
1
1
1
1
1
1
1
1
1
1
1
1
1
1
1
1
1
1
1
1
0
1
1
1
1
1
1
1
1
0
1
0
1
1
0
0
1
1
1
1
1
0
1
1
1
1
0
0
1
1
1
1
1
1
1
1
0
1
1
1
1
1
1
0
1
1
1
0
1
1
1
1
1
0
1
1
0
1
1
