750
134
650
725
106
21
460
261
398
65
159
324
96
408
654
615
468
45
2
601
655
124
274
108
6
167
7
515
605
87
441
415
711
485
56
703
661
625
302
449
355
102
52
235
740
741
77
553
574
277
642
56
218
540
526
253
405
283
7
545
583
256
43
18
680
553
87
650
265
646
587
8
388
453
103
431
550
665
577
606
551
298
366
288
30
228
588
727
126
569
667
23
493
510
682
456
192
514
747
278
40
187
227
263
706
260
568
54
62
457
553
648
529
255
531
249
536
129
483
324
652
79
26
639
641
562
712
1
274
241
468
526
562
745
561
10
3.62250310469129
0.0499144516913585
134
1
1
1
0
1
1
1
1
1
1
1
1
1
0
1
1
1
1
1
1
1
0
1
1
1
1
1
1
1
1
1
1
1
1
1
1
1
0
1
1
1
1
1
1
1
1
1
1
1
1
1
1
0
1
1
1
1
1
1
1
1
1
1
1
1
1
1
1
1
1
1
1
1
1
1
1
1
1
1
1
1
1
1
1
1
1
1
1
0
1
1
1
1
1
1
1
1
1
1
1
1
1
1
1
1
1
1
0
1
1
1
1
1
1
1
1
1
1
1
1
1
1
1
1
1
1
1
1
1
1
1
1
1
1
