290
156
235
87
157
281
196
119
10
197
195
208
283
266
11
16
109
275
287
223
44
82
47
107
268
250
206
213
211
84
26
108
224
86
180
216
162
247
214
105
145
239
12
39
156
103
77
29
98
98
264
148
52
94
232
45
288
110
66
157
30
13
51
132
96
60
226
185
242
136
167
238
280
262
4
234
70
17
125
117
147
290
265
166
202
75
48
288
52
48
256
168
27
24
170
142
230
163
183
69
223
209
56
1
65
142
264
235
286
114
64
132
211
105
237
79
218
199
85
19
195
269
145
227
239
160
196
249
40
179
50
59
111
179
250
143
151
22
196
88
188
119
91
49
205
154
127
290
82
176
194
142
150
178
108
188
1
147
9.04996193390344
0.0109371868157755
156
1
1
1
1
1
1
1
1
1
1
1
1
1
1
1
1
1
1
1
1
1
1
1
1
1
1
1
1
1
1
1
1
1
1
1
1
1
1
1
1
1
1
1
1
1
1
1
1
1
0
1
1
1
1
1
1
1
1
1
1
1
1
1
1
1
1
1
1
1
1
1
1
1
1
1
1
1
1
1
1
1
1
1
1
1
1
1
1
1
1
1
1
1
1
1
1
1
1
1
1
1
1
1
1
1
1
1
1
1
1
0
1
1
1
1
1
1
1
1
1
1
1
1
1
1
1
0
1
1
1
1
1
1
1
0
1
1
1
1
1
1
1
1
1
1
1
1
1
1
1
1
1
1
1
1
1
