913
116
315
586
496
316
733
800
309
179
857
354
596
822
280
597
765
839
440
483
339
569
237
150
892
326
583
460
352
475
25
398
890
717
805
792
85
501
663
743
668
301
637
555
877
899
776
230
378
477
796
847
273
393
661
312
701
563
647
633
341
409
491
30
77
477
667
868
456
585
180
488
200
130
217
405
76
769
372
687
60
559
849
465
191
620
414
155
463
543
26
893
339
221
797
707
807
550
888
69
908
198
458
568
444
524
191
158
897
109
84
128
33
342
421
593
762
410
5.70691313633496
0.0818482486627499
116
1
1
1
1
0
1
1
1
1
0
1
1
1
1
1
1
0
1
1
1
1
1
1
1
1
1
1
1
1
1
1
1
1
1
1
1
1
1
1
1
0
1
1
1
1
1
1
1
1
1
1
1
1
1
0
1
1
1
1
1
1
1
1
0
1
1
1
1
1
1
1
1
1
1
1
1
1
1
1
1
1
1
1
0
1
1
1
1
1
1
1
1
1
0
1
1
1
1
1
1
1
1
1
1
1
1
1
1
1
1
0
1
0
0
1
1
