513
164
48
122
61
473
192
7
447
487
357
471
340
138
38
312
52
192
214
183
436
174
177
120
76
483
310
422
366
69
349
111
495
117
498
385
268
179
241
463
339
368
103
15
145
35
277
128
374
168
324
466
48
206
52
480
102
174
322
13
36
63
48
368
262
431
471
139
313
257
295
59
180
406
250
28
70
331
345
153
140
500
108
11
248
319
100
315
440
138
187
505
93
12
206
413
1
443
234
281
417
448
420
406
314
283
109
328
179
346
498
125
335
480
121
422
317
350
509
162
95
277
291
35
202
126
135
309
297
252
461
47
122
119
349
437
440
508
299
439
122
382
249
362
298
174
342
423
54
331
196
343
143
284
470
511
416
298
117
271
425
513
87
357
214
442
5.11478022250504
0.0513015786454537
164
0
1
1
1
1
1
1
1
1
1
1
1
1
1
1
1
1
1
1
1
1
1
1
1
1
1
1
1
1
1
1
1
1
1
1
1
1
1
1
1
1
1
1
1
1
1
1
1
1
1
1
1
1
1
1
1
1
1
1
1
1
1
1
1
1
1
1
0
1
1
1
1
1
1
1
1
1
1
1
1
1
1
1
1
1
1
1
1
1
1
1
1
1
1
1
1
1
1
1
1
1
1
1
1
1
1
1
1
1
1
1
1
1
1
1
1
1
1
1
1
1
1
1
1
1
1
1
1
1
1
1
1
1
0
1
1
1
1
1
1
1
1
1
1
1
1
1
1
1
1
1
1
1
1
1
1
1
1
1
1
1
1
1
1
