370
156
272
286
122
202
275
287
250
368
56
155
299
81
248
367
39
247
163
257
335
327
87
76
185
37
310
39
282
172
249
354
199
68
302
79
174
144
185
4
123
327
146
182
126
234
317
356
14
23
361
287
182
193
166
285
238
286
0
302
321
48
258
151
172
115
273
192
239
37
45
102
36
48
322
0
104
129
369
22
151
48
347
65
208
322
247
289
214
360
278
54
33
302
272
152
287
150
75
24
348
199
356
248
224
60
96
214
148
6
134
292
224
306
90
183
364
85
334
338
202
213
279
118
209
367
134
5
175
367
58
346
77
343
146
302
222
351
18
266
100
106
219
251
111
78
123
237
140
186
31
283
308
48
245
35
195
127
5.93850610807734
0.218586363468324
156
0
1
1
1
1
0
1
1
1
1
1
0
1
0
0
1
1
1
1
1
0
1
1
1
1
0
1
0
1
0
1
1
0
0
1
1
0
1
1
1
0
1
1
1
0
1
0
1
1
1
1
1
1
0
1
1
0
1
1
1
1
0
1
1
1
1
0
1
1
1
0
1
1
1
1
1
1
1
1
1
1
1
1
0
1
1
0
1
0
0
0
1
1
0
1
0
0
1
1
1
1
1
1
0
0
1
1
1
0
1
1
0
1
1
1
1
0
0
0
1
1
1
1
1
1
1
1
1
1
1
0
1
1
1
0
1
1
0
1
0
0
0
0
0
1
1
1
1
1
0
1
0
1
1
1
1
