406
106
222
0
217
167
355
9
370
379
250
251
65
244
263
353
152
333
30
224
197
263
393
64
0
211
392
143
356
176
397
219
208
161
11
360
134
286
221
132
332
338
303
61
405
186
274
163
178
227
190
333
355
404
120
249
273
121
327
125
132
344
383
185
177
325
355
100
396
364
161
391
345
120
279
169
278
16
8
310
243
388
75
356
315
21
78
12
237
12
89
3
291
393
223
350
384
180
162
406
260
164
235
140
367
225
90
355
4.89660224676471
0.0502049462413026
106
1
1
1
1
1
1
1
1
1
1
1
0
1
1
1
1
1
1
1
1
1
1
1
1
1
1
1
1
1
1
1
1
1
1
0
1
1
1
1
1
1
1
1
1
1
1
1
1
0
1
1
1
1
1
1
1
0
1
1
1
1
1
1
1
1
1
1
1
1
1
1
1
1
1
1
1
1
1
1
1
1
1
1
1
1
1
1
1
1
1
1
1
1
1
1
1
1
0
0
1
1
1
1
1
1
1
