795
106
32
6
343
220
590
36
94
6
37
432
17
372
682
280
403
66
766
622
7
90
78
150
370
81
493
706
397
475
756
330
631
454
559
412
450
460
653
368
71
494
673
271
19
616
495
673
461
167
438
709
761
351
455
152
658
143
770
487
304
59
607
769
681
144
782
46
639
106
662
259
388
99
688
430
466
777
282
0
268
65
265
156
604
52
94
365
650
715
420
477
203
130
420
15
721
691
573
690
558
415
27
634
379
453
638
60
4.08269793740835
0.146668698845798
106
0
0
1
0
1
1
1
1
1
1
1
1
1
1
1
1
1
1
1
1
1
1
1
1
0
1
0
1
1
1
1
1
1
1
1
1
1
1
1
1
1
1
1
1
1
1
1
0
1
1
1
1
1
1
1
1
1
1
0
1
1
1
1
1
1
1
1
1
1
1
0
1
1
1
1
0
1
1
1
0
1
1
1
1
1
1
1
0
1
1
0
0
1
0
1
1
0
1
1
0
1
0
0
1
0
0
