726
146
714
23
252
153
103
201
449
232
167
315
632
517
223
515
309
44
109
482
610
631
721
52
350
207
417
471
204
520
454
98
37
192
100
692
127
427
468
74
626
440
366
33
249
526
120
259
314
295
251
273
487
250
565
185
97
462
95
71
525
327
145
505
145
435
462
588
92
231
414
325
477
486
654
528
484
666
527
264
21
483
27
415
575
471
76
331
74
361
639
383
79
25
77
464
232
582
230
467
252
458
515
72
70
230
475
209
454
162
35
529
260
344
19
402
328
237
695
626
197
151
709
351
613
318
477
319
550
124
227
719
98
716
140
617
151
14
692
121
681
255
126
490
368
345
116
387
5.68542377206849
0.278113255605167
146
1
1
0
1
1
1
1
1
1
1
1
1
1
1
1
1
1
1
1
0
1
1
1
0
1
1
1
0
1
0
1
1
1
0
0
0
1
1
1
1
1
0
1
1
1
1
1
0
1
0
1
0
1
1
1
1
1
0
0
0
1
1
1
1
0
1
1
1
0
1
0
1
1
1
1
1
1
1
1
1
1
1
1
0
1
0
1
1
1
1
1
1
1
1
0
1
0
0
1
1
1
1
1
1
1
0
1
1
1
1
1
0
1
1
1
1
1
1
0
1
1
0
1
1
1
1
0
0
1
1
1
0
1
1
1
1
1
1
1
1
1
1
1
0
0
1
