100
150
57
43
86
32
59
39
66
82
31
76
40
76
85
8
91
35
41
63
27
59
27
61
17
42
44
19
82
74
30
97
86
90
62
67
3
99
28
79
35
50
1
25
92
86
98
37
47
30
17
92
24
38
55
78
97
31
80
45
39
38
47
20
98
73
44
74
38
15
46
36
86
85
97
77
17
69
78
84
55
67
76
37
45
11
5
4
75
36
60
24
59
73
5
7
45
51
0
85
77
33
57
90
12
68
16
89
82
91
73
28
25
29
79
33
30
32
57
20
18
96
77
5
37
14
81
28
11
46
63
67
55
28
22
24
11
47
34
70
39
50
87
86
7
22
11
68
82
2
13
66
6.45270725223558
0.24521920590642
150
1
1
1
1
1
0
1
1
1
1
1
1
1
1
0
1
1
1
0
1
1
1
1
1
0
1
1
1
1
1
0
1
1
1
1
1
1
1
1
1
1
0
0
0
1
0
0
1
1
1
1
1
1
0
1
0
1
1
1
1
0
1
1
1
1
0
0
1
1
0
1
1
1
0
1
1
0
1
1
0
0
1
1
0
1
0
1
1
1
1
1
1
0
0
0
0
1
0
1
0
0
1
0
1
1
1
1
0
1
1
1
0
1
1
1
1
1
1
0
1
1
1
1
1
1
1
1
1
1
0
1
1
1
1
1
1
1
1
1
0
1
1
0
1
1
1
1
1
1
0
