979
134
607
671
29
302
554
590
189
913
3
45
890
861
742
81
300
855
860
263
89
729
730
793
328
638
488
646
784
94
575
678
692
638
694
524
52
378
486
236
420
473
155
859
140
197
905
204
642
653
577
967
677
188
596
244
71
151
624
28
158
167
861
738
226
241
68
26
583
759
380
268
929
295
129
414
251
901
334
296
262
253
368
304
418
79
496
161
221
247
955
464
456
425
534
521
882
341
568
796
557
441
236
503
461
509
434
387
855
546
627
832
126
823
174
251
640
669
187
476
740
402
693
309
853
758
372
627
411
249
231
519
696
397
102
326
4.77878867957684
0.290291215494048
134
1
0
1
1
1
1
1
1
1
0
1
0
0
1
1
1
1
0
1
0
0
1
1
1
0
1
1
1
0
1
1
0
1
0
1
0
0
1
0
0
1
1
1
1
1
1
1
1
1
0
1
0
1
1
1
1
0
1
1
1
1
1
0
1
1
0
1
1
0
1
0
1
1
0
1
1
1
1
1
0
1
1
1
0
1
1
1
1
1
1
1
0
1
1
1
0
0
0
1
1
1
1
1
1
0
1
1
1
0
1
1
1
0
1
0
0
0
1
1
1
1
1
1
1
1
1
1
0
1
1
1
1
1
1
