448
90
246
261
394
103
14
410
83
308
59
299
162
20
189
3
10
106
308
343
321
243
363
253
165
180
59
152
70
198
294
246
191
111
386
99
135
374
204
443
361
48
399
37
88
230
122
298
68
371
301
432
335
9
16
155
192
167
14
0
155
0
302
391
304
146
169
301
360
318
257
173
368
102
32
354
339
3
58
284
243
432
12
58
204
20
111
72
376
48
180
236
3.83317505469529
0.0549073414377033
90
1
1
1
1
1
1
1
1
1
1
1
1
1
1
1
0
1
1
1
1
1
1
1
1
1
1
1
1
1
1
1
1
1
1
1
1
1
0
1
1
1
1
1
1
1
1
1
1
1
1
1
1
1
1
0
0
1
1
1
0
1
1
1
1
1
1
1
1
0
1
1
1
1
1
1
1
1
1
1
1
1
1
1
1
1
1
1
1
1
1
