637
128
569
290
555
472
194
580
345
373
486
157
427
587
528
308
184
76
51
264
387
275
30
241
225
436
82
397
170
381
386
507
475
528
471
367
267
331
38
125
420
513
285
433
142
566
172
312
612
386
69
238
8
20
53
523
14
612
529
530
122
346
367
138
552
298
52
226
434
565
135
631
448
202
373
190
465
319
536
149
566
72
203
470
467
635
335
285
257
128
105
339
305
208
636
498
403
163
170
408
262
431
547
339
43
321
539
6
602
49
448
7
287
65
51
165
205
45
532
511
442
566
401
90
405
432
107
58
405
409
3.01551430009482
0.0364895987575882
128
1
1
1
1
1
1
1
1
1
1
1
1
1
1
1
1
1
1
1
1
1
1
1
1
1
1
1
1
1
1
1
1
1
1
1
1
1
1
1
1
1
1
1
1
1
1
1
1
1
1
1
1
1
1
1
1
1
1
1
1
1
1
1
1
1
1
1
1
1
1
1
1
1
1
0
1
1
1
1
1
1
1
1
1
1
1
1
1
1
1
1
1
1
1
1
1
1
1
1
1
1
1
1
1
1
1
1
1
1
1
1
1
1
1
1
1
1
1
1
1
1
1
1
1
1
1
1
1
