224
94
31
101
187
207
224
180
173
138
10
80
47
168
76
138
148
13
63
20
138
90
117
83
133
184
70
93
140
24
31
34
43
215
84
17
112
79
14
110
160
185
83
114
101
202
202
152
114
38
85
135
218
77
220
74
36
84
70
54
70
118
1
133
202
90
108
160
31
57
178
65
174
25
168
23
123
37
92
171
196
197
25
128
145
182
44
61
117
187
64
107
62
189
129
10
7.6702921740824
0.296573979123926
94
1
0
1
1
1
1
1
1
1
1
0
1
0
1
1
0
0
0
1
1
0
1
1
1
1
0
1
1
1
1
1
1
1
0
0
1
0
0
0
1
0
1
1
1
1
0
1
1
0
1
1
0
0
0
1
0
0
1
0
1
1
1
1
1
1
0
1
1
0
1
1
1
0
0
0
1
0
0
1
1
0
1
1
0
1
1
1
1
1
0
1
0
1
1
