163
160
58
54
76
122
69
106
130
102
27
41
71
150
63
36
93
61
7
13
145
104
121
34
28
5
77
8
80
48
140
51
63
51
148
124
158
61
129
151
130
83
145
68
131
43
8
58
52
19
27
130
64
145
35
91
120
94
64
118
91
75
22
68
26
145
141
30
68
104
131
44
27
155
129
44
105
105
123
154
80
21
59
48
46
106
78
120
24
26
124
89
31
118
27
68
60
35
111
0
128
116
153
65
63
124
9
53
134
145
19
143
95
38
43
79
60
59
32
32
37
20
28
85
45
152
94
5
32
54
105
8
28
42
84
20
75
119
23
87
16
45
157
42
72
52
132
19
142
153
21
68
27
120
97
78
146
35
10
107
103
147
2.56214133469426
0.316281710484398
160
1
1
1
1
0
1
1
1
1
0
1
0
0
1
1
1
1
0
1
1
0
1
0
1
1
0
0
0
0
1
1
1
1
1
1
0
1
0
1
1
1
1
1
1
1
1
1
1
0
0
1
0
1
0
0
1
0
1
0
1
1
1
1
1
1
0
0
0
0
1
1
1
1
1
1
0
0
1
1
1
1
1
0
1
1
1
0
1
1
0
0
1
1
1
1
1
1
1
1
0
1
0
1
1
1
1
1
1
1
1
0
1
1
0
1
1
0
0
0
1
1
1
1
1
1
1
0
1
1
1
1
1
1
0
1
0
1
0
0
0
1
1
1
1
0
0
1
1
1
1
1
1
0
1
1
0
1
1
1
1
