218
84
48
65
79
18
129
22
3
84
50
60
147
94
182
55
193
109
143
63
209
124
62
87
151
87
100
80
57
138
82
45
74
218
181
68
62
186
155
31
76
99
12
33
84
3
163
43
132
153
103
202
122
164
89
106
205
190
190
139
176
113
13
194
87
34
7
10
90
206
61
171
160
48
184
176
25
201
181
86
50
131
138
110
0
36
3.58459574202041
0.333128669646857
84
0
1
0
1
0
1
1
1
0
1
1
1
1
0
1
0
1
0
1
1
0
1
1
1
1
1
1
1
1
1
0
1
0
0
1
1
1
0
0
1
0
1
1
1
1
1
1
0
1
1
1
1
1
1
0
0
0
1
1
1
1
1
1
1
1
1
1
1
0
1
0
0
1
0
1
0
1
1
0
1
1
1
1
1
