761
146
296
345
621
722
304
27
387
508
479
258
577
531
266
414
249
506
328
338
320
478
521
137
97
475
169
481
418
294
679
359
503
7
60
53
135
471
270
662
589
184
93
236
205
195
491
737
671
438
661
154
89
235
752
722
210
376
749
672
320
750
509
16
383
510
181
136
412
173
503
384
335
244
426
88
326
490
679
261
124
9
83
230
494
491
289
674
42
243
185
250
629
59
186
371
33
129
512
532
695
237
112
631
640
371
464
407
264
638
705
142
743
696
142
23
525
228
418
448
744
79
55
624
539
464
152
420
411
461
14
360
399
255
45
183
210
20
599
327
182
606
565
45
384
551
574
288
8.67738098225821
0.123316850257838
146
1
1
1
1
1
1
1
1
1
1
1
0
1
1
1
1
0
1
1
1
1
1
1
1
1
1
1
1
1
1
1
1
1
1
0
1
1
1
1
1
0
1
1
1
1
1
1
0
1
1
1
1
1
1
1
1
1
1
0
1
1
1
1
1
1
1
1
0
1
1
1
1
1
1
1
1
1
1
1
1
1
1
0
1
1
1
1
1
1
1
1
1
1
0
0
0
1
1
1
1
0
1
0
1
0
1
1
1
0
1
1
1
1
1
0
1
1
1
1
1
1
1
1
1
1
0
1
1
0
1
1
0
0
1
1
0
1
1
1
0
1
1
1
1
1
1
