946
178
554
572
369
626
42
446
550
511
496
685
445
583
215
73
646
679
638
802
559
622
583
365
700
581
547
350
845
514
706
273
865
96
678
120
522
839
450
289
208
175
828
933
5
105
158
135
465
312
296
789
267
851
416
454
682
578
910
301
627
591
781
815
532
421
8
256
496
842
143
275
225
712
775
437
502
156
625
310
79
797
193
301
789
454
13
138
333
901
699
731
325
290
713
620
399
808
235
801
875
757
41
381
893
23
77
611
872
85
185
615
283
849
389
546
588
543
103
829
596
267
585
529
382
777
274
477
406
644
74
861
560
222
323
559
202
287
504
327
602
231
930
408
558
888
378
857
212
608
625
69
185
271
460
745
756
146
575
818
2
910
200
741
709
154
1
755
289
218
627
689
382
564
661
914
133
200
118
292
9.51976812327799
0.350876517276317
178
0
0
1
1
1
0
0
0
1
1
1
0
0
1
1
0
1
1
0
1
0
1
1
0
0
1
1
0
1
0
1
1
0
1
1
1
1
1
1
0
1
0
1
1
1
0
0
0
1
0
0
1
1
1
1
1
1
1
1
0
1
0
1
0
0
1
1
1
0
1
1
0
0
1
1
0
1
0
0
0
1
1
1
0
1
1
1
1
1
0
1
1
1
1
1
1
0
0
1
1
1
1
0
1
1
0
0
1
0
1
0
1
1
1
1
0
0
0
0
1
0
1
1
1
0
0
0
0
0
1
0
0
0
1
1
0
1
1
0
1
1
1
0
1
0
1
1
1
1
1
1
0
1
1
1
1
1
0
1
0
1
1
1
0
1
0
1
0
1
1
1
0
1
1
1
1
1
1
