228
122
128
67
87
112
84
70
63
111
126
46
8
120
119
137
22
216
119
228
145
192
193
133
197
69
80
182
141
50
109
10
5
83
45
112
205
71
72
49
130
33
1
182
195
6
220
115
73
116
42
9
19
17
54
81
205
104
147
38
4
178
168
109
142
91
32
98
38
185
89
90
117
76
82
70
121
2
136
128
22
12
227
61
204
79
133
56
19
184
189
187
107
147
220
212
71
137
29
175
157
73
3
19
213
226
67
198
117
168
27
44
166
103
215
38
70
143
92
61
186
171
217
119
4.22546975280445
0.0365006008900755
122
1
1
1
1
1
1
1
1
1
1
1
1
1
1
1
1
1
1
1
1
1
1
1
1
1
0
1
1
1
1
1
1
1
1
1
1
1
1
1
1
0
1
1
1
1
1
1
1
1
1
1
1
1
1
1
1
0
1
1
1
1
1
1
0
1
1
1
1
1
1
1
1
1
1
1
1
1
1
1
1
1
1
1
1
1
1
1
1
1
1
1
1
1
1
1
1
1
1
1
1
1
1
1
1
1
1
1
1
1
1
1
1
1
1
1
1
1
1
1
1
1
1
