480
118
224
231
465
262
246
164
125
270
395
19
165
344
94
195
307
474
452
451
207
205
227
475
465
80
135
250
152
237
136
365
169
376
213
251
66
21
368
413
84
232
316
69
403
459
44
218
144
287
41
350
369
387
285
38
287
61
433
407
317
350
41
102
152
442
406
131
54
335
402
196
342
309
11
193
262
351
267
108
195
196
265
87
469
434
291
389
480
115
154
334
342
23
274
260
130
243
411
347
36
361
471
301
173
151
141
333
90
44
383
248
132
417
437
75
436
467
231
480
0.735299320250954
0.0207541961390812
118
1
1
1
1
1
1
1
1
1
1
1
1
1
1
1
1
1
1
1
1
1
1
1
1
1
1
1
1
1
1
1
1
1
1
1
1
0
1
1
1
1
1
1
1
1
1
1
1
1
1
1
1
1
1
1
1
1
1
1
1
1
1
1
1
1
1
1
1
1
1
1
1
1
1
1
1
1
1
1
1
1
1
1
0
1
1
1
1
1
1
1
1
1
1
1
1
1
1
1
0
1
1
1
1
1
1
1
1
1
1
1
1
1
1
1
1
1
1
