869
104
354
672
847
653
122
19
499
18
435
396
457
578
764
533
144
107
553
713
630
63
134
187
157
678
433
799
766
423
133
478
632
685
500
529
8
726
410
586
618
709
632
298
639
179
292
604
29
540
580
93
264
470
31
52
707
710
124
724
99
572
60
323
799
501
96
354
564
164
270
27
352
371
648
200
143
273
54
630
161
128
499
755
788
668
422
741
763
298
405
625
806
122
170
77
685
91
521
246
190
289
659
252
846
448
1.31522179363004
0.184979571012162
104
1
1
1
0
1
1
1
1
1
1
0
1
1
1
1
0
1
1
0
0
1
1
1
1
1
1
1
1
1
1
0
1
1
1
1
0
1
1
1
1
1
1
1
1
1
1
1
1
1
1
1
0
1
1
1
1
1
0
1
1
0
1
0
0
1
1
1
1
1
0
1
1
1
1
1
1
1
1
0
1
1
1
0
0
1
1
1
1
1
1
1
1
0
1
1
0
1
1
1
1
0
1
1
1
