346
134
318
48
307
20
175
109
306
331
249
84
5
174
9
215
68
208
305
160
227
52
60
194
11
337
165
11
271
122
312
298
110
106
27
123
132
134
74
145
342
235
119
62
247
119
19
23
73
137
47
233
259
255
121
121
325
132
29
92
229
321
57
194
83
320
7
87
230
13
87
240
328
18
167
28
123
78
103
310
307
52
11
95
30
295
87
97
155
136
167
275
223
68
262
231
228
150
259
65
213
154
19
145
257
291
269
151
245
186
201
115
56
119
171
205
81
289
180
279
336
157
34
238
27
233
116
309
263
104
180
209
283
307
90
232
4.90716362627284
0.252507990647088
134
0
1
1
1
1
1
1
1
0
0
1
1
1
0
1
1
1
1
0
1
1
1
1
1
1
1
0
1
1
1
0
1
1
1
1
1
1
1
1
0
1
1
1
0
1
0
1
1
1
1
1
1
1
1
1
1
1
1
1
1
1
1
0
1
1
1
1
1
0
0
1
1
1
0
1
0
1
0
1
1
1
1
1
0
0
0
1
1
1
1
0
0
0
1
1
1
0
1
1
1
0
1
1
1
1
0
1
1
1
1
1
0
0
0
1
0
1
1
1
1
1
0
1
1
1
1
1
1
1
0
0
1
1
0
