547
200
86
471
19
27
364
430
166
458
510
164
199
457
391
190
266
245
518
135
210
159
282
47
136
333
172
388
490
271
451
529
395
351
103
40
85
156
147
343
30
31
35
40
309
240
473
512
310
265
334
345
468
0
406
176
412
99
250
432
532
263
256
496
542
504
111
109
221
386
413
368
505
65
169
519
283
421
40
149
7
445
337
361
56
539
0
212
512
531
73
151
38
191
166
396
168
349
65
89
126
424
171
437
463
251
418
352
436
461
275
415
190
420
184
250
366
361
268
483
456
111
187
414
357
129
259
222
234
436
458
466
399
53
487
427
103
291
543
14
209
36
24
286
367
364
80
349
127
60
308
523
192
440
213
210
210
167
372
20
99
85
149
130
295
278
287
509
24
77
179
18
490
104
278
387
345
384
486
525
66
78
323
62
231
166
32
42
144
309
490
46
528
24
115
111
171
496
477
329
17
11
4.00697495684483
0.350728796811364
200
1
1
0
1
0
1
1
1
0
1
1
0
1
1
1
0
1
1
1
0
1
0
1
0
0
0
1
1
1
1
0
1
1
0
0
0
1
1
1
0
1
0
1
1
0
1
1
1
0
1
1
1
1
0
1
1
1
1
1
1
1
1
1
1
1
1
1
0
1
0
0
0
1
0
1
0
1
0
1
1
1
0
1
1
1
1
1
1
0
1
0
1
1
1
1
0
1
1
1
1
0
0
0
1
0
1
1
1
1
1
0
1
0
1
0
1
0
1
0
1
0
1
0
0
1
0
0
1
0
1
1
0
1
1
1
1
0
0
1
1
1
1
1
0
1
1
0
0
0
1
1
0
1
1
0
0
1
1
1
1
1
1
1
1
1
0
1
1
1
0
0
0
1
0
1
0
1
1
1
1
1
1
1
0
1
1
1
0
0
1
1
0
1
1
0
0
1
1
0
0
