762
98
711
408
631
10
278
287
292
519
298
398
402
345
51
709
36
279
684
492
496
354
56
496
356
752
685
687
378
567
83
62
413
426
348
358
579
195
498
2
15
273
736
557
323
585
90
558
149
228
539
453
298
653
55
532
249
352
458
559
131
296
283
379
244
545
68
645
125
500
570
404
638
684
312
495
234
649
530
598
325
588
534
208
416
614
76
439
546
325
123
180
547
318
627
135
556
139
245
678
3.44479381070091
0.398248639322148
98
1
0
1
1
1
1
0
0
1
1
1
1
0
0
0
1
1
1
0
1
1
1
1
0
1
1
0
1
1
1
0
0
1
1
0
0
1
0
0
0
1
1
1
1
0
0
0
1
0
1
0
1
0
0
1
1
1
0
1
1
1
1
0
1
0
1
0
0
1
1
1
1
1
0
0
0
0
1
1
0
0
0
0
0
0
0
1
0
1
1
1
1
0
1
1
0
0
1
