275
84
4
60
161
209
110
244
18
129
219
263
91
103
29
123
262
199
200
198
40
29
165
121
180
183
222
83
275
174
245
198
168
35
199
257
149
217
151
71
31
86
15
251
229
37
81
253
219
137
158
177
221
159
172
118
160
16
197
265
138
127
175
137
231
56
85
220
243
67
206
25
270
268
149
122
137
173
51
158
178
257
152
69
248
161
3.46372008852465
0.177088177234798
84
1
1
1
1
1
1
0
1
0
0
1
1
1
1
1
1
1
1
1
0
1
1
1
1
1
1
1
1
1
1
1
0
1
1
0
0
1
1
1
1
1
1
0
1
1
1
1
1
1
0
1
1
1
1
1
1
1
1
1
1
1
0
1
1
1
0
1
1
0
1
1
0
1
1
1
1
1
0
1
1
1
1
1
1
