393
108
84
254
351
281
128
84
5
293
19
209
287
317
84
363
43
131
358
11
221
310
11
120
321
27
227
58
152
156
168
303
64
14
74
242
18
321
275
388
185
93
258
88
241
156
237
144
163
192
229
148
390
57
57
192
298
231
234
60
377
311
265
334
73
324
318
233
40
269
362
378
220
235
134
288
42
46
88
95
129
35
206
46
321
21
103
154
33
44
253
206
50
257
340
290
288
274
356
83
26
371
391
309
310
36
288
58
213
182
4.42509826597198
0.272334856677153
108
1
1
1
1
1
0
1
1
1
1
1
0
1
1
1
0
1
1
1
1
0
1
1
1
1
0
0
1
1
1
1
1
0
1
1
1
1
1
0
0
1
1
0
1
0
0
1
1
1
0
1
0
1
1
1
1
1
1
1
0
0
0
0
1
1
1
1
1
1
0
1
1
0
0
1
1
1
0
1
0
1
1
1
1
1
1
0
1
1
0
1
1
1
0
1
1
0
1
1
0
1
0
1
0
0
0
1
1
