186
102
167
89
68
59
13
29
68
176
129
0
104
59
85
66
177
23
125
69
147
51
77
95
33
166
156
41
130
185
67
73
85
78
46
24
73
144
49
82
150
103
150
80
129
33
41
62
115
57
44
164
47
161
130
80
30
46
185
25
8
67
87
11
38
137
133
101
50
151
118
43
113
123
37
10
5
11
96
73
1
112
56
64
9
117
87
115
144
18
155
116
133
22
156
152
109
88
82
37
41
74
33
183
2.12634625492006
0.0951903621142407
102
1
1
1
1
1
1
1
1
1
1
1
0
1
1
1
1
1
1
1
1
1
1
1
1
1
1
1
1
1
1
1
1
1
1
1
1
1
1
1
0
1
1
1
1
0
1
1
1
1
1
0
1
0
1
1
1
0
1
1
1
1
1
1
1
1
1
1
1
1
1
1
1
1
1
1
1
1
1
1
1
1
0
1
1
1
1
1
1
1
1
1
1
1
1
1
1
1
1
1
1
1
1
