419
122
417
168
302
203
58
44
59
31
128
416
273
0
89
414
191
212
120
57
346
102
119
397
66
287
384
396
84
47
284
250
152
0
354
41
328
75
109
254
118
2
296
416
54
302
299
155
185
306
207
238
378
46
279
116
193
74
107
211
81
214
386
297
209
56
254
385
409
183
216
284
173
250
339
248
362
365
218
373
74
346
376
102
355
207
16
151
302
354
309
6
72
254
227
188
208
129
74
411
350
130
107
364
131
101
413
339
154
69
321
376
176
111
205
373
122
349
71
42
174
106
115
154
4.14140269874364
0.0883957206715117
122
0
0
1
1
1
1
1
1
1
1
1
1
1
1
1
1
1
1
1
1
1
1
1
1
1
0
1
1
1
1
1
1
1
1
1
1
1
1
1
1
1
1
1
1
0
1
1
1
0
0
0
0
1
1
1
1
1
1
1
1
1
1
1
1
1
1
1
1
1
1
1
1
1
1
1
1
1
1
1
1
1
1
1
1
1
1
1
1
1
1
1
1
1
1
1
0
1
1
1
1
1
1
1
1
1
1
1
1
1
1
1
1
1
1
1
1
1
1
1
1
0
1
