166
120
117
21
14
159
82
141
45
44
44
91
116
105
37
50
124
25
67
42
106
106
12
37
32
45
61
156
46
3
9
59
115
139
83
119
104
146
30
84
48
51
145
66
68
33
92
87
20
27
142
123
69
142
92
0
110
105
18
62
77
77
166
71
159
155
141
9
102
128
128
93
74
135
151
53
88
158
65
68
63
88
29
111
69
138
73
99
163
46
40
143
64
75
123
165
75
97
99
152
52
4
93
151
102
140
141
56
108
96
51
19
10
82
111
45
84
87
110
162
128
102
0.855500894883092
0.238475513398981
120
1
1
1
1
1
1
1
1
1
1
1
1
1
1
1
1
0
0
1
1
1
1
1
1
1
1
1
1
1
1
1
1
1
1
1
1
0
0
1
1
1
1
1
1
1
1
1
0
1
1
1
0
0
1
1
1
1
0
1
1
1
1
1
1
1
0
1
0
1
1
1
1
0
1
0
1
1
0
0
1
0
1
1
1
1
1
1
1
1
0
1
1
1
0
1
1
1
1
0
0
1
0
1
1
1
1
1
0
1
1
1
1
1
1
1
1
0
0
1
1
