208
150
42
71
128
178
106
123
92
159
2
51
34
108
55
133
188
192
2
204
149
112
59
93
192
48
188
5
119
48
141
190
135
59
72
45
85
167
144
107
91
70
63
48
132
133
3
42
85
35
132
174
12
186
47
183
103
68
12
81
113
120
171
68
164
16
186
53
193
97
62
187
153
142
65
57
185
134
72
7
125
88
124
95
37
79
166
23
133
155
117
194
75
145
206
132
112
199
116
49
193
22
8
194
139
49
189
77
131
23
119
71
199
5
109
30
40
139
49
164
126
123
52
170
176
180
207
157
8
173
66
94
15
105
197
55
44
121
91
92
102
133
55
26
106
140
27
170
116
164
72
170
4.51434951864002
0.0197824280447088
150
1
1
1
1
1
0
1
1
1
1
1
1
1
1
0
1
1
1
1
1
1
1
1
1
1
1
1
1
1
1
1
1
1
0
1
1
1
1
1
1
1
1
1
1
1
1
1
1
1
0
1
1
1
1
1
1
1
1
1
1
1
1
1
1
1
1
1
1
1
1
1
1
1
1
1
1
1
1
1
0
1
1
1
1
1
1
1
1
1
1
1
1
1
1
1
1
1
1
1
1
1
1
1
1
1
1
1
1
1
1
1
1
1
1
1
1
1
1
0
1
1
1
1
1
1
1
1
1
1
1
1
1
1
1
1
1
0
1
1
1
1
1
1
1
1
1
1
1
1
1
