454
182
276
199
156
202
385
187
134
308
271
346
353
313
58
285
171
265
83
125
249
112
88
27
160
31
132
141
155
356
249
139
247
213
57
248
229
363
265
25
210
363
362
282
217
117
221
53
244
150
43
274
228
377
2
267
124
166
313
394
164
179
81
67
129
431
435
150
247
340
59
340
40
124
346
328
261
28
220
32
434
83
76
284
241
288
335
379
186
121
121
221
164
230
329
185
309
207
138
439
327
443
220
367
258
157
133
304
337
27
367
25
52
105
197
67
327
76
111
78
36
148
124
239
334
155
38
73
60
219
427
300
58
308
424
176
49
23
277
119
58
99
110
270
282
442
158
108
148
26
151
120
134
381
414
328
183
385
95
317
340
305
276
142
5
24
366
44
304
282
63
150
171
165
271
66
8
267
18
187
210
175
3
331
6.57948221640384
0.382889720056805
182
1
1
1
0
0
1
0
1
1
0
0
1
0
1
1
1
1
1
1
0
1
0
1
1
1
1
1
1
1
1
1
0
1
0
0
0
1
0
1
0
0
1
1
0
1
0
1
1
0
1
1
1
0
0
0
0
0
1
1
1
0
1
0
1
1
1
1
1
0
0
1
1
0
1
1
1
0
1
0
0
0
1
1
1
1
0
0
1
1
1
0
1
1
0
1
1
1
0
0
1
1
1
1
1
1
0
1
0
0
1
1
1
1
0
1
1
0
0
1
1
1
0
1
1
0
1
1
1
0
1
1
1
1
1
1
1
1
1
1
1
1
1
0
0
0
1
1
0
0
1
1
1
0
1
0
0
0
1
1
0
1
1
1
1
1
0
1
0
1
1
1
1
0
1
1
0
1
1
0
0
1
1
