333
110
105
222
27
29
169
228
313
123
120
273
192
122
164
254
238
240
81
111
235
101
67
237
73
182
26
184
110
106
290
140
116
101
134
226
152
281
123
257
263
231
73
323
60
271
39
96
117
84
244
302
241
115
271
225
253
112
285
318
27
33
37
126
330
196
233
241
189
300
128
150
86
60
141
225
58
169
93
173
39
159
155
171
145
184
116
278
331
42
48
178
194
95
245
141
11
190
262
332
290
124
319
22
86
54
156
283
271
20
55
27
7.71273420953538
0.209239700317042
110
1
1
1
0
1
0
0
1
0
1
1
1
0
1
1
1
1
0
1
1
0
1
1
1
1
1
1
1
1
1
1
0
0
1
1
1
1
1
1
1
0
1
1
1
0
1
1
0
1
1
1
0
1
1
1
1
1
1
1
1
1
1
1
1
1
1
1
1
1
1
0
0
1
1
1
1
1
1
1
1
1
1
1
0
1
0
1
1
1
1
1
1
1
0
1
1
1
1
1
1
1
1
1
1
0
1
1
0
1
0
