711
140
638
26
12
189
205
638
50
149
562
106
463
460
182
107
504
505
503
685
62
270
247
71
446
549
273
478
377
614
543
447
47
475
258
652
12
460
609
314
98
26
139
498
181
239
677
658
666
163
77
255
345
335
467
464
176
631
398
508
633
274
335
248
219
563
5
139
358
709
681
447
118
439
505
668
272
163
659
562
105
128
153
320
543
668
419
413
172
359
680
80
7
208
97
325
161
246
404
32
73
160
435
473
536
115
253
210
280
115
332
669
393
494
170
445
664
343
94
61
54
240
661
468
359
221
602
122
307
656
536
542
233
458
610
14
244
236
512
25
232
628
4.40621459135457
0.389629724577845
140
1
1
0
0
1
1
0
0
1
1
0
1
1
0
1
1
0
1
0
1
0
1
0
1
0
0
1
0
0
0
1
0
1
1
0
0
1
1
0
0
1
0
1
1
0
1
0
1
0
0
1
1
1
1
0
0
0
1
0
1
1
1
1
0
0
0
0
1
1
0
0
1
1
1
0
1
1
1
1
1
1
1
1
0
0
1
0
1
1
0
0
0
1
1
1
1
1
1
0
1
0
1
0
0
0
1
0
1
0
1
1
0
0
1
0
1
1
0
0
0
1
0
0
1
0
0
0
1
1
0
1
0
0
0
1
0
0
0
1
0
