744
134
349
417
637
518
462
555
294
87
706
34
119
381
113
195
128
336
618
158
7
268
203
239
134
696
601
113
540
570
423
289
60
663
641
700
514
247
334
153
101
138
122
159
597
184
545
175
731
101
145
306
234
54
530
291
64
340
364
545
278
122
346
380
740
649
420
23
722
218
552
97
577
85
537
184
266
73
677
180
144
695
84
486
114
296
700
491
323
0
90
524
138
57
610
709
174
569
295
352
225
380
680
213
717
507
170
265
706
301
247
503
665
664
441
159
234
518
340
700
693
513
507
572
281
251
652
144
44
230
726
603
202
699
275
137
0.382108318929083
0.00613685791875747
134
1
0
1
1
1
1
1
1
1
1
1
1
1
1
1
1
1
1
1
1
1
1
1
1
1
1
1
1
1
1
1
1
1
1
1
1
1
1
1
1
1
1
1
1
1
1
1
1
1
1
1
1
1
1
1
1
1
1
1
1
1
1
1
1
1
1
1
1
1
1
1
1
1
1
1
1
1
1
1
1
1
1
1
1
1
1
1
1
1
1
1
1
1
1
1
1
1
1
1
1
1
1
1
1
1
1
1
1
1
1
1
1
1
1
1
1
1
1
1
1
1
1
1
1
1
1
1
1
1
1
1
1
1
1
