213
170
50
5
48
54
66
16
92
145
153
76
189
119
137
166
24
134
13
161
186
161
100
28
13
4
113
179
45
143
135
90
166
3
24
156
107
213
174
212
59
168
78
14
91
184
57
97
34
132
51
123
34
107
170
162
8
94
44
56
112
184
125
198
97
67
11
86
1
134
103
34
80
114
61
65
159
15
191
194
124
81
143
159
191
212
83
79
27
58
63
153
167
185
5
192
14
62
106
88
109
52
122
76
7
108
116
14
199
211
48
70
171
128
137
75
178
102
35
2
163
195
213
94
212
36
81
210
14
67
23
99
150
187
87
124
174
29
79
139
67
163
5
41
141
3
140
175
2
206
122
8
9
137
78
100
112
22
77
151
171
172
176
15
44
167
114
181
28
200
146
153
8.48007047506058
0.202820633202523
170
1
1
1
0
0
1
1
0
1
1
1
1
1
1
1
1
1
1
1
1
1
1
0
1
0
0
1
1
1
1
1
1
1
1
1
0
0
1
1
1
1
0
1
1
0
1
1
1
0
0
1
1
1
0
1
1
1
0
1
1
1
1
1
1
0
1
1
1
1
1
1
0
1
1
1
0
0
1
1
1
1
1
1
1
1
1
1
1
1
0
1
1
1
1
0
1
0
1
1
0
1
1
0
1
1
1
1
0
0
1
1
0
1
1
0
1
1
1
1
1
1
1
1
1
0
0
1
1
1
1
1
0
1
1
1
1
1
0
1
0
1
1
1
0
1
1
0
0
1
1
1
1
0
1
0
1
1
1
0
1
1
1
1
1
1
1
1
1
1
0
