467
192
398
131
279
455
212
227
213
448
170
450
88
310
220
39
385
308
71
313
355
335
414
371
217
427
17
278
31
177
50
189
342
71
202
456
7
290
400
11
282
231
338
388
319
237
17
402
51
233
442
314
143
324
299
355
235
383
248
248
431
210
125
193
302
214
295
447
131
147
327
265
251
175
310
65
449
140
153
375
82
249
287
346
217
176
103
300
304
55
267
20
214
61
325
375
363
65
253
372
321
443
356
133
381
108
87
352
193
236
32
292
399
399
366
167
179
270
211
108
13
114
122
236
372
33
208
171
364
376
165
75
53
102
427
381
114
296
230
462
464
262
85
270
321
417
234
9
99
356
352
87
421
422
412
416
317
98
141
339
91
202
46
179
441
438
459
196
177
356
102
128
34
152
394
330
257
95
252
7
426
308
291
169
436
140
396
120
82
413
343
255
408
223
3.30250846742192
0.0978199034859714
192
1
0
1
1
0
1
1
1
1
1
1
1
1
1
1
1
1
1
1
1
1
1
1
1
1
1
1
1
1
1
1
1
1
1
1
1
0
1
1
1
1
1
1
1
1
1
1
1
1
1
1
0
1
1
0
1
1
1
1
1
1
1
1
1
1
1
1
0
1
0
1
1
1
1
1
1
1
0
1
1
1
1
1
1
1
1
1
1
1
1
1
1
0
1
1
1
1
1
1
1
1
1
1
1
1
1
1
1
1
1
1
1
1
1
1
0
1
1
1
1
1
1
0
1
1
1
1
1
1
1
1
1
1
1
1
0
1
1
1
1
1
0
1
1
1
1
1
0
1
1
1
1
1
1
1
1
1
1
1
1
1
1
1
1
1
1
1
1
1
1
1
1
1
1
1
0
1
1
1
1
1
1
1
1
1
1
1
1
1
1
1
1
