310
96
67
79
84
148
130
48
52
111
172
121
207
83
232
252
141
61
130
173
154
178
85
302
5
270
78
85
168
87
297
118
59
54
202
108
60
9
122
289
187
145
155
123
209
117
63
38
304
236
252
130
286
82
4
232
153
177
183
138
146
232
154
8
247
113
116
216
24
73
211
68
83
299
295
282
277
136
188
150
145
283
104
27
251
103
145
22
79
11
271
71
11
94
89
282
53
209
6.49731189955792
0.131601325527145
96
1
1
1
1
1
1
0
1
1
1
1
0
1
1
1
0
1
1
1
1
1
1
1
1
1
1
1
1
1
1
1
1
0
1
1
0
1
1
1
1
1
1
1
1
1
1
1
0
0
1
1
1
1
1
1
1
1
1
1
1
1
0
1
1
0
1
1
0
1
1
1
1
1
1
1
1
0
1
1
0
1
1
1
1
1
1
1
1
1
1
1
1
1
1
1
1
