295
132
178
76
12
122
295
3
193
82
61
67
189
210
142
31
116
54
113
23
246
114
198
37
86
106
111
238
210
266
169
177
61
177
155
78
84
256
108
32
79
214
29
93
239
34
202
214
200
292
261
276
94
120
72
286
148
88
95
63
184
69
76
163
286
10
258
269
112
37
75
119
10
122
57
95
6
111
113
227
184
157
11
154
71
230
79
196
100
289
21
270
132
142
134
40
183
176
20
2
192
8
199
123
286
169
235
231
256
138
5
294
237
91
287
117
158
89
140
205
21
198
71
202
286
104
182
264
251
38
174
101
56
61
8.88777112564181
0.340158403326208
132
0
1
0
1
1
1
0
1
1
1
1
1
1
1
0
1
0
1
0
1
0
1
0
1
1
1
0
1
0
0
1
1
1
1
1
1
1
0
1
1
1
1
0
1
1
0
1
1
1
1
1
0
1
1
1
0
1
1
1
0
0
1
1
1
1
1
0
1
1
1
0
1
1
0
0
1
1
1
0
1
1
1
1
0
0
1
0
1
0
1
0
0
1
0
1
1
1
1
1
1
1
1
1
1
0
0
0
1
1
1
1
1
1
0
0
0
0
1
1
0
0
1
0
0
1
0
1
1
1
1
0
1
