147
94
134
87
51
89
97
62
121
147
83
56
69
18
57
41
23
119
99
25
29
104
62
52
40
21
88
70
80
9
105
75
93
47
70
97
47
102
66
3
128
75
114
73
29
66
122
39
71
97
18
60
42
124
129
78
124
144
21
20
40
141
70
50
7
123
70
143
42
129
140
47
111
46
70
66
85
126
41
83
23
42
79
3
52
109
65
78
56
77
78
83
73
45
83
10
4.63632965724335
0.0170299078569982
94
1
1
1
1
1
1
1
1
1
1
1
1
1
1
1
1
1
1
1
1
1
1
1
1
1
1
1
1
1
1
1
1
1
1
1
1
1
1
1
1
1
1
1
1
1
1
1
1
1
1
1
1
1
1
1
1
1
1
1
1
1
1
1
1
1
1
1
1
1
1
1
1
1
1
1
1
1
1
1
1
1
1
1
1
1
1
1
1
1
1
1
1
1
1
