497
200
10
197
315
369
417
182
25
94
349
439
401
348
268
211
277
376
317
421
487
196
137
410
372
25
115
427
288
57
481
21
476
395
170
238
371
81
298
101
259
297
78
236
403
261
28
418
268
325
146
325
354
55
458
66
46
345
333
247
409
236
391
235
122
427
193
1
46
440
78
395
434
228
161
350
426
232
451
370
384
431
40
271
0
377
93
168
241
136
348
447
31
158
335
411
48
174
383
354
113
387
376
197
323
319
27
477
202
477
445
144
269
106
122
64
76
463
34
251
324
37
42
190
42
131
49
253
372
190
72
376
180
128
322
220
244
86
459
461
466
227
331
122
428
396
92
406
94
442
42
378
210
371
282
173
249
370
255
390
419
98
253
181
75
157
200
332
417
414
67
174
31
89
164
451
257
302
13
219
422
312
82
456
167
91
190
482
177
332
94
77
151
60
1
197
444
429
323
494
62
280
4.93865374127024
0.223568871524022
200
1
1
0
1
1
1
1
1
1
1
1
0
1
1
1
1
1
1
0
1
1
0
1
1
1
0
1
1
1
1
0
1
1
1
1
1
0
0
1
1
1
0
1
0
1
1
1
1
1
1
1
1
1
1
0
1
1
1
1
1
1
1
1
1
1
1
1
1
0
1
1
1
0
0
1
1
1
1
1
1
1
1
0
1
1
1
1
1
1
1
1
1
1
1
0
1
0
1
0
0
1
0
1
1
0
1
1
0
1
1
0
1
0
1
0
1
1
1
1
1
1
1
1
1
1
1
1
1
1
1
1
1
1
1
1
0
0
1
1
1
1
1
1
0
1
0
1
1
0
1
1
1
1
1
1
1
1
1
1
1
1
1
1
1
0
1
1
1
0
0
1
1
1
1
1
1
1
1
1
1
1
1
0
1
1
1
1
1
1
1
0
1
1
1
0
1
1
0
1
1
