775
124
183
672
185
159
48
300
771
233
12
711
505
508
642
644
446
185
54
38
229
251
340
74
10
441
8
642
463
231
760
589
330
473
83
172
692
193
349
214
367
160
406
665
335
41
662
137
271
6
370
429
58
31
190
723
131
286
486
249
532
441
748
470
317
584
159
768
346
43
357
748
31
340
9
403
143
587
206
595
279
413
187
180
516
469
474
354
225
530
652
656
303
78
93
215
570
264
331
656
563
299
746
408
559
134
297
752
732
551
746
33
640
421
342
92
607
682
565
744
439
634
6
226
649
583
5.1407864204918
0.33729819274798
124
1
0
0
1
0
1
1
1
1
1
1
1
0
0
1
1
1
0
0
1
1
0
1
1
0
1
0
0
0
1
0
1
0
0
1
1
1
0
1
0
0
0
1
1
1
1
0
0
1
0
1
1
1
1
0
0
1
1
1
1
1
0
1
1
0
1
0
0
0
1
1
1
1
1
1
0
1
1
1
0
1
1
1
1
0
0
1
1
0
1
1
0
0
1
0
1
1
1
1
1
1
0
0
1
0
1
1
1
0
1
1
1
1
0
1
1
1
0
1
0
1
1
1
1
