219
190
77
3
194
77
123
143
185
97
114
99
89
129
107
90
38
26
77
185
199
205
199
117
127
175
214
198
151
163
180
106
60
64
15
159
168
128
139
30
72
199
17
184
75
110
215
199
166
103
168
62
73
168
59
7
157
45
31
126
22
44
141
86
123
54
11
40
14
49
169
64
180
130
86
217
112
215
175
151
86
135
17
71
199
100
144
46
216
134
151
216
165
71
130
212
14
154
8
133
42
94
192
204
186
172
134
38
172
158
185
37
178
75
184
91
9
88
81
110
179
75
200
4
83
101
108
114
111
10
43
131
54
116
43
189
202
77
172
86
78
163
140
136
179
71
119
167
94
190
191
199
65
105
198
97
22
122
138
112
26
161
170
99
46
108
217
180
194
199
27
83
192
15
217
64
75
79
151
83
218
2
35
23
65
45
151
178
1
181
71
91
7.90605433540498
0.0916012470267057
190
1
1
0
1
1
1
1
1
1
1
1
1
1
1
0
1
1
1
1
1
1
1
1
1
1
1
1
1
1
1
1
1
1
1
1
1
1
1
1
1
1
1
1
1
1
1
1
1
1
1
0
1
1
1
1
1
1
1
1
1
1
1
1
1
1
1
1
1
1
1
1
1
0
1
1
1
1
1
1
1
0
1
1
1
1
1
1
1
1
1
1
1
1
1
0
1
1
1
1
1
0
1
1
1
1
1
1
1
1
0
1
1
1
1
1
1
1
1
1
1
1
1
0
1
1
1
1
0
1
1
1
1
1
1
0
1
1
1
1
1
1
1
1
1
1
1
1
1
1
1
1
1
1
1
1
1
1
1
1
1
1
1
1
1
1
1
1
1
1
1
1
1
1
1
1
1
1
0
0
1
1
1
0
1
1
1
1
1
1
0
