646
168
177
575
372
394
301
108
394
322
379
523
107
161
643
457
597
420
621
26
271
480
110
371
389
144
233
54
86
573
222
46
446
622
10
485
105
487
397
123
228
562
636
582
558
320
161
593
402
312
276
343
452
328
229
181
492
75
440
48
317
445
89
173
554
92
199
208
152
165
481
221
360
505
472
114
330
424
69
86
646
187
4
405
349
559
500
554
16
482
82
630
184
51
105
617
24
69
341
402
380
27
177
217
167
631
35
1
354
99
568
334
513
538
22
422
106
154
35
230
570
376
588
383
349
60
431
443
605
113
407
481
614
75
365
106
151
343
243
330
557
255
259
327
170
225
178
592
418
264
564
8
608
336
519
185
590
544
524
58
31
453
525
331
483
464
162
490
502
301
9.66662656259288
0.175311644703706
168
1
1
1
1
1
0
1
1
1
1
1
0
1
1
1
0
1
0
1
1
1
1
1
1
1
1
1
1
1
1
1
1
1
1
1
1
1
1
1
1
1
1
1
1
1
1
1
1
1
1
1
1
1
1
1
1
1
0
1
1
1
0
1
1
1
1
1
1
1
1
1
1
1
0
1
0
1
1
1
0
1
1
1
1
1
1
0
1
1
1
1
1
1
1
0
1
1
1
1
1
1
1
1
0
1
1
1
1
1
1
0
1
0
1
1
1
1
1
1
1
1
1
1
1
0
0
1
1
1
0
1
1
1
1
1
1
1
1
1
1
0
1
1
1
1
1
1
0
1
0
1
1
0
1
1
1
1
0
1
0
1
0
1
0
1
1
1
1
