273
124
174
32
201
7
49
137
116
67
0
239
208
177
158
219
262
200
100
17
147
155
87
26
152
255
169
216
223
178
82
159
150
137
197
186
12
228
17
126
202
122
26
173
207
153
177
217
142
196
272
139
79
176
121
208
144
112
96
125
6
106
137
140
151
211
201
239
253
67
233
250
249
184
68
267
219
181
71
4
110
174
165
260
122
43
142
166
49
231
251
122
189
100
136
269
4
202
5
227
108
158
16
262
227
114
105
2
81
51
82
75
206
194
214
52
19
208
143
212
170
12
38
31
260
239
0.324741892560472
0.0919599270115016
124
1
1
1
1
1
1
1
1
1
1
1
1
1
1
1
1
1
1
1
1
1
1
1
1
1
1
1
1
1
0
0
1
0
1
1
1
1
1
0
1
1
1
1
1
0
0
1
1
1
1
1
1
1
1
1
1
1
1
1
1
1
1
1
1
1
1
1
1
1
1
1
1
1
0
1
1
1
1
1
1
1
1
1
1
1
1
1
1
1
1
1
1
1
1
1
1
1
0
1
0
1
1
1
1
1
1
1
1
1
1
1
1
1
0
1
1
1
0
1
1
1
1
1
1
