825
146
487
771
212
274
591
192
286
198
327
98
757
228
192
686
189
353
17
373
106
610
129
101
610
602
254
349
250
171
690
108
529
238
280
138
164
51
784
539
740
14
648
729
80
404
122
100
801
753
727
374
207
238
754
214
288
35
82
118
139
330
510
539
53
173
318
95
809
729
24
522
116
740
284
483
536
454
740
164
489
809
175
599
788
400
44
177
637
125
239
699
449
477
721
94
496
723
413
413
396
800
116
257
628
35
816
231
202
538
478
88
529
805
806
513
490
515
187
62
250
536
128
707
376
594
543
204
680
537
403
53
164
27
28
486
196
169
652
704
252
149
146
799
762
530
673
28
7.70498519512432
0.126474786809383
146
1
1
1
0
0
1
0
1
1
1
1
1
1
1
1
1
1
1
1
1
1
1
1
1
1
1
1
0
1
1
1
1
1
1
1
1
1
1
1
1
1
1
1
1
1
1
1
0
1
1
1
1
0
0
1
1
1
1
1
1
1
0
1
0
0
1
1
1
1
1
1
1
1
1
1
1
1
1
1
1
1
1
1
0
1
1
1
1
0
1
1
1
1
1
1
1
1
1
0
1
1
1
1
1
1
1
1
0
1
1
1
1
1
1
1
1
1
1
1
1
1
1
1
1
1
1
1
0
1
1
0
1
1
1
1
1
1
0
1
0
1
1
1
1
1
1
