808
84
44
698
212
98
86
593
804
763
347
184
279
86
442
524
707
333
382
10
102
343
499
564
10
542
242
438
783
203
514
297
548
153
208
306
70
11
243
574
108
188
72
120
603
56
552
341
322
7
351
306
203
403
176
284
733
801
324
547
159
797
313
361
360
270
65
422
236
585
504
643
88
658
389
549
618
614
76
61
579
434
686
309
494
105
6.71525955952009
0.031472059032965
84
1
1
1
1
1
1
1
1
1
1
1
1
1
1
1
1
1
1
1
0
1
1
1
1
1
1
1
1
1
1
1
1
1
0
1
1
1
1
1
1
1
1
1
1
1
1
1
1
1
1
1
1
1
1
1
1
1
1
1
1
1
1
1
1
1
1
1
1
1
1
1
1
1
1
1
1
1
1
1
1
1
1
1
1
