864
124
708
494
556
612
789
573
554
680
850
47
708
755
325
778
418
162
104
632
819
161
688
835
540
699
815
726
508
181
426
292
316
347
282
352
632
71
75
172
781
124
56
555
130
282
471
559
168
143
84
82
368
669
804
87
702
771
166
731
564
607
230
624
92
12
154
840
10
133
615
713
630
349
858
143
856
76
479
281
855
570
853
419
829
518
633
469
777
461
281
367
615
255
641
675
175
346
493
23
801
503
399
486
578
417
857
567
539
314
432
540
122
826
531
289
828
171
683
97
66
63
722
662
721
133
7.82441547211516
0.284301362594912
124
1
1
1
0
1
0
1
1
1
0
1
1
0
1
1
0
1
0
1
1
1
1
1
1
1
0
1
1
1
1
1
1
1
1
0
1
0
0
1
1
1
1
1
1
1
1
0
0
1
0
1
0
1
1
0
0
1
1
1
0
1
1
1
1
0
1
1
0
0
1
1
1
1
1
1
1
1
1
1
0
0
1
1
1
1
0
1
1
1
0
1
1
1
1
1
1
0
0
1
1
1
1
1
1
1
1
1
0
1
1
0
1
1
0
1
0
1
1
1
1
0
1
1
1
