403
192
367
369
336
110
191
245
224
259
118
14
217
115
361
223
89
54
117
89
336
66
400
292
257
364
253
127
354
28
183
180
312
271
302
144
146
116
12
47
242
391
369
200
151
137
189
343
331
168
368
23
234
79
350
349
151
357
378
207
58
286
211
285
193
159
54
10
354
285
326
195
109
307
221
370
218
357
50
270
107
275
168
92
392
142
155
397
382
124
267
23
21
222
355
290
377
282
18
212
381
313
359
65
401
73
302
298
169
185
261
38
162
223
396
237
332
131
298
315
174
242
262
142
149
335
212
65
400
106
272
318
90
298
226
166
153
292
111
395
26
368
362
370
353
196
345
37
383
130
0
120
371
386
134
107
159
146
236
313
232
60
187
240
58
338
383
145
326
179
105
225
258
120
290
337
141
145
286
130
382
35
224
162
80
218
150
95
214
64
224
365
61
14
4.74619139606567
0.307489454197938
192
1
0
1
1
0
1
1
0
0
1
1
1
0
1
1
1
1
1
0
1
0
0
0
1
1
1
0
1
1
1
0
1
1
1
1
1
0
0
0
1
0
1
1
1
1
1
1
1
1
0
0
0
1
1
1
1
0
1
0
0
0
1
1
1
1
0
0
0
1
1
1
1
0
1
1
1
1
1
1
1
1
1
0
1
1
1
1
1
1
1
1
1
1
0
1
1
0
0
1
0
0
0
1
1
1
1
1
1
1
1
1
1
0
1
1
1
0
0
0
1
1
1
1
1
1
0
1
1
0
1
1
1
1
1
1
1
1
0
0
0
1
0
1
1
1
0
1
1
0
1
1
1
1
1
1
0
1
1
1
1
1
1
1
1
1
1
0
1
1
1
1
1
1
0
0
1
0
1
1
1
0
1
1
0
1
1
0
1
1
0
1
1
