939
170
277
812
246
644
32
330
506
887
340
143
398
25
333
325
556
396
125
697
50
10
510
506
824
181
754
919
490
654
783
518
494
360
196
363
781
519
329
263
892
622
710
258
239
858
917
392
51
40
726
670
71
594
931
795
745
536
469
70
305
627
21
15
691
895
456
633
378
511
549
661
121
813
219
335
177
592
138
267
244
11
636
8
310
517
314
179
118
838
172
173
638
47
350
603
383
262
545
641
921
463
397
619
839
212
845
501
358
814
201
896
290
567
639
392
664
502
928
534
826
396
362
527
637
457
340
735
769
409
645
212
617
565
59
712
369
281
640
834
649
321
854
627
22
494
627
119
859
229
850
130
69
543
773
594
494
32
481
870
139
674
692
302
439
717
654
811
447
385
430
808
5.2713044590901
0.383929840214058
170
0
1
0
1
1
1
1
1
1
1
1
0
1
0
0
1
0
1
0
0
1
1
1
0
1
1
1
1
0
1
0
1
0
0
1
0
1
0
1
1
1
0
0
0
0
0
0
1
1
1
0
0
1
1
1
1
0
1
0
0
1
1
1
1
1
0
0
1
1
1
1
1
1
0
0
1
1
1
0
1
0
0
1
0
0
1
1
0
1
0
0
0
0
0
1
1
0
1
0
1
1
0
1
1
0
0
1
1
1
1
0
1
0
1
1
1
1
1
0
1
1
1
0
0
0
1
1
0
0
1
1
0
1
0
1
1
1
1
1
0
1
1
1
1
0
0
1
0
1
0
1
1
0
0
1
0
0
0
0
0
0
0
1
0
1
1
1
0
1
1
