727
132
673
251
351
363
57
712
366
147
258
428
99
123
259
666
189
125
190
59
306
704
627
692
68
513
584
321
171
14
453
52
246
480
24
38
272
115
37
429
44
521
264
672
202
9
499
197
723
379
322
457
197
230
719
638
248
324
552
91
29
564
274
662
152
385
417
346
712
367
99
588
486
403
359
619
467
128
711
389
312
524
230
517
198
473
211
179
389
10
121
402
75
137
253
102
573
395
119
75
404
382
418
108
227
47
332
365
399
223
628
471
458
527
445
151
660
10
104
274
128
537
93
64
582
466
340
618
704
408
92
453
507
388
5.16537334368028
0.149547943496613
132
1
1
1
1
1
1
0
1
1
0
1
1
0
1
1
1
1
1
1
1
1
1
1
1
1
1
1
1
1
1
1
1
0
1
1
0
1
1
1
1
1
1
1
1
1
1
1
1
1
1
1
1
1
1
1
1
1
1
1
1
1
0
1
1
1
1
1
1
1
1
1
0
1
1
1
1
1
1
1
1
1
1
0
1
1
1
1
1
0
1
1
0
1
1
1
1
1
1
1
1
1
1
1
0
0
1
1
0
1
1
1
1
1
0
1
1
1
1
1
1
1
1
0
1
1
1
1
1
1
1
1
1
