361
108
128
37
349
298
167
162
329
331
8
111
338
58
228
84
339
214
140
234
41
356
211
181
282
203
313
232
121
252
343
352
135
78
218
63
92
361
166
162
180
313
290
22
56
115
162
162
158
288
287
293
17
24
166
308
81
27
346
242
351
208
82
149
354
298
33
49
281
278
208
292
196
248
209
297
296
209
300
258
342
215
210
264
69
98
92
32
216
202
357
136
338
133
267
212
65
290
246
321
149
68
112
57
283
359
183
133
107
358
4.26656250393365
0.0827590215546449
108
1
1
1
1
1
1
0
1
1
1
0
1
1
1
1
1
1
1
1
0
1
1
1
1
1
1
0
1
1
1
0
1
0
1
0
1
1
1
1
1
1
1
1
1
1
1
1
0
0
1
1
1
1
1
1
1
1
1
1
1
1
1
1
1
1
1
1
1
1
1
1
1
1
1
1
1
1
1
1
1
1
1
1
1
1
1
1
1
1
1
1
1
1
1
1
1
1
1
1
1
1
1
1
1
1
1
1
1
