717
104
261
23
592
29
527
631
278
359
429
291
289
602
245
301
249
683
228
94
432
571
33
289
23
51
234
206
696
341
684
500
443
516
374
667
645
469
621
458
78
158
579
671
224
241
692
242
514
509
281
179
123
618
606
198
685
195
204
57
431
260
191
615
480
403
508
366
347
117
93
164
249
217
260
704
360
381
383
206
677
463
624
40
349
592
408
528
350
580
678
679
317
137
263
278
337
334
167
209
48
414
63
92
370
135
4.49971701553376
0.223596793634253
104
1
1
1
1
1
1
1
1
1
1
1
1
0
1
0
0
1
1
1
1
0
1
1
1
1
1
1
1
1
0
1
1
1
0
1
1
1
0
1
1
1
1
1
1
1
1
1
1
1
1
1
1
0
1
1
1
0
1
0
1
1
1
1
1
0
0
1
1
1
1
1
1
1
1
1
1
0
0
1
1
1
1
1
1
1
1
1
1
0
0
0
0
1
1
1
1
0
1
1
1
0
1
1
0
