978
106
929
961
357
871
696
356
975
99
328
687
207
881
154
181
171
595
288
731
216
974
81
533
417
167
818
490
641
467
840
842
581
815
756
395
43
650
903
907
534
307
270
634
252
292
408
965
687
368
636
905
437
749
241
371
637
328
359
18
498
219
636
824
159
628
847
262
219
659
843
41
647
854
548
400
142
197
863
759
128
41
429
1
100
560
35
75
763
633
510
324
751
92
558
333
162
956
246
53
638
570
791
609
179
608
331
142
0.28409471325767
0.227549078262829
106
1
1
0
1
0
1
1
1
1
1
1
0
1
1
1
1
0
1
1
0
0
1
1
1
1
1
0
1
1
1
1
1
1
1
1
1
1
1
1
1
1
0
1
1
1
1
1
1
1
1
1
0
1
1
0
1
1
0
1
0
1
1
1
1
1
1
1
1
1
1
1
1
1
1
1
0
1
1
0
1
0
0
1
1
1
1
1
1
1
0
1
1
0
1
1
1
1
1
1
1
1
0
1
0
1
0
