320
128
203
320
315
234
199
201
298
122
198
89
319
212
256
42
75
130
279
48
192
266
15
28
233
224
314
284
313
137
79
143
135
153
72
114
162
10
194
164
7
16
45
271
27
304
259
62
299
85
57
42
199
249
23
303
263
80
290
288
109
138
85
130
246
46
202
296
172
14
5
274
88
271
228
206
15
8
253
115
249
133
0
153
94
283
30
26
181
141
201
38
298
112
128
137
271
213
56
31
304
165
125
157
311
95
170
270
125
8
209
175
140
52
63
194
43
258
0
206
217
83
115
253
5
154
230
255
280
65
4.89179661912711
0.227668609719085
128
1
0
1
1
1
0
1
1
1
1
1
0
0
1
1
1
1
0
1
1
0
1
1
1
1
0
1
1
1
1
1
0
1
1
1
1
0
1
1
1
1
1
1
1
0
1
0
1
1
1
1
1
1
0
1
1
0
1
0
1
1
0
1
1
1
0
1
1
1
0
1
1
1
1
1
0
1
1
1
0
1
1
1
0
0
1
1
1
1
1
1
1
1
0
0
1
0
1
1
1
1
1
1
1
0
1
1
1
1
1
1
1
1
1
1
1
1
1
1
1
1
0
1
1
1
1
1
1
