603
136
66
557
514
140
422
226
526
458
208
109
467
3
558
330
562
94
48
184
347
580
42
120
433
260
68
50
373
282
84
223
25
100
341
188
362
286
129
316
585
398
506
457
540
263
518
89
90
599
223
299
293
47
52
363
442
385
347
279
265
270
151
293
284
272
362
294
122
119
68
69
115
466
45
207
37
31
204
212
380
473
350
481
427
177
4
572
9
384
132
383
250
161
189
127
181
519
474
584
327
494
314
148
133
76
298
291
481
402
523
559
86
576
94
538
371
587
34
378
239
17
273
296
575
430
542
389
430
397
487
521
457
125
460
65
46
403
3.60730904938623
0.0746058300971109
136
1
1
1
1
1
1
1
1
1
1
1
1
1
1
1
1
1
1
1
0
1
1
1
1
1
1
1
1
1
1
1
1
1
1
1
1
0
1
1
1
1
1
1
1
1
1
1
1
1
1
0
1
1
1
1
1
1
1
1
1
1
1
0
1
1
1
1
1
1
1
1
0
1
1
1
0
0
1
1
1
1
1
1
1
1
1
1
1
1
0
1
1
1
1
1
1
1
1
1
0
1
1
0
1
1
0
1
1
1
0
1
1
1
0
1
1
1
1
1
1
1
1
1
1
1
1
1
1
1
1
1
1
1
1
1
1
