572
176
119
8
131
98
145
374
485
284
346
96
191
142
509
547
165
566
422
464
368
20
199
418
481
138
50
537
251
222
551
170
321
215
439
545
506
431
97
237
78
104
449
538
376
479
453
347
474
414
407
22
69
440
359
20
116
341
387
550
228
108
84
531
226
329
517
75
416
113
305
545
143
123
514
421
268
97
49
34
562
559
100
565
435
484
100
23
229
374
105
130
327
206
441
390
200
438
454
467
289
245
155
273
38
313
313
91
450
179
497
526
235
512
81
344
257
233
311
254
290
137
537
505
291
381
314
328
124
194
131
368
531
51
226
404
192
227
542
158
446
273
423
231
412
6
265
305
132
334
475
536
198
547
230
100
76
189
409
438
395
459
299
537
472
328
346
253
506
545
249
55
503
199
30
566
79
114
9.2811716105754
0.0521612930674806
176
1
1
1
1
1
1
1
1
1
1
1
1
1
1
1
1
1
1
1
1
1
1
1
1
0
1
1
1
1
1
1
1
1
0
1
1
1
1
1
1
1
1
1
1
1
1
1
1
1
1
1
1
1
1
1
1
1
1
1
1
1
1
1
1
1
1
1
1
1
1
1
1
1
1
1
1
1
1
1
1
1
1
1
1
1
1
1
0
1
1
1
1
1
1
1
1
1
1
1
1
1
1
1
1
1
0
1
1
1
1
1
1
1
1
1
1
1
1
1
1
1
1
1
1
1
1
1
1
1
1
1
1
1
1
1
1
1
1
1
1
1
1
1
1
1
0
1
1
1
1
1
1
1
1
1
1
1
1
1
1
1
1
0
1
1
1
1
1
0
1
1
1
1
1
1
1
