654
94
502
115
23
95
241
260
31
477
606
600
486
48
93
280
323
543
372
43
387
527
211
436
364
326
31
235
522
535
155
620
151
235
561
474
385
206
335
583
354
232
541
404
320
629
616
87
96
347
363
217
506
60
293
115
406
66
569
186
424
59
249
314
310
209
241
217
377
113
561
327
45
372
265
600
331
256
338
93
291
399
187
226
241
4
50
110
119
520
252
96
534
595
79
1
1.59778089459459
0.028832149273605
94
1
1
1
0
1
1
1
1
1
1
1
1
1
1
1
1
1
1
1
1
1
1
1
1
1
1
1
1
1
1
1
1
1
1
1
1
1
1
1
1
1
1
1
1
1
1
1
1
1
1
1
1
1
1
1
1
1
1
1
1
1
1
1
1
1
1
1
1
1
1
1
1
1
1
1
1
1
1
1
1
1
1
1
1
1
1
1
1
1
1
1
1
1
1
