828
194
197
601
434
233
186
588
192
738
312
533
561
202
827
690
448
662
606
17
263
69
141
347
693
157
620
749
242
37
95
75
716
748
123
232
773
315
802
315
132
108
308
738
154
397
593
332
515
551
87
330
167
774
363
677
143
813
46
56
666
252
143
574
240
487
401
250
160
772
622
291
2
46
728
378
510
281
701
278
659
403
156
404
487
697
566
113
613
583
760
391
128
538
447
629
424
279
404
709
534
3
636
463
779
656
475
349
376
596
79
503
333
413
649
594
117
394
761
277
65
150
174
320
91
86
99
442
138
427
467
351
62
729
778
601
513
462
380
96
594
210
419
618
568
401
571
387
146
624
325
524
733
593
226
227
637
388
424
580
690
537
745
742
0
256
327
99
544
627
180
615
114
798
257
804
240
451
405
478
176
419
359
760
100
770
563
160
448
384
536
645
284
200
316
136
9.73037576968901
0.218061979693486
194
1
1
1
0
1
1
0
1
1
1
0
1
1
1
0
1
1
1
1
0
1
1
0
1
1
1
1
1
1
1
1
1
1
1
1
0
1
1
1
1
1
1
0
1
1
1
1
1
1
1
1
1
0
1
1
1
1
0
1
1
1
1
0
1
1
1
1
1
1
1
1
1
1
1
0
1
1
1
0
1
1
1
0
1
1
1
1
1
0
1
1
1
1
1
0
1
0
0
1
1
1
1
0
0
1
0
0
0
0
1
1
1
1
0
0
1
1
1
1
1
0
0
1
1
1
1
0
1
1
1
0
1
1
1
1
1
1
0
1
0
1
1
1
1
1
1
0
1
1
1
0
1
1
0
1
1
1
1
1
0
0
1
1
1
0
1
1
1
0
1
1
1
1
1
1
1
0
1
1
1
0
0
1
1
1
1
1
0
1
0
1
1
0
1
