730
98
44
415
342
13
645
104
417
267
55
202
283
677
369
479
287
142
52
704
4
719
401
602
597
97
467
172
639
566
360
663
312
73
290
218
143
395
66
598
560
149
399
386
356
702
19
451
246
79
150
343
585
563
660
306
368
375
649
598
595
314
611
699
284
716
423
532
235
615
560
602
26
345
186
640
630
653
589
212
90
187
707
18
136
434
409
268
418
661
676
164
487
363
721
86
114
138
631
664
5.41234731671021
0.0183892871480874
98
1
1
1
1
1
1
1
1
1
1
1
1
1
1
1
1
1
1
1
1
1
1
1
1
1
1
1
1
1
1
1
1
1
1
1
1
1
1
1
1
1
1
1
1
1
1
1
1
1
1
1
1
1
1
1
1
1
1
1
1
1
1
1
1
1
1
1
1
1
1
1
1
1
1
1
1
1
1
1
1
1
1
1
1
1
1
1
1
1
0
1
1
1
1
1
1
1
0
