141
142
7
110
125
7
1
102
4
131
50
137
46
82
44
37
104
133
58
79
98
69
14
97
59
98
64
141
61
72
134
5
58
83
120
10
74
23
58
113
109
105
19
135
59
130
23
1
126
129
85
43
120
71
106
108
46
64
129
3
77
102
32
52
98
25
89
95
130
13
141
74
90
55
83
115
57
52
61
53
71
127
37
44
106
10
22
67
1
117
47
0
13
63
90
100
69
110
22
19
98
118
62
85
80
1
108
54
84
106
103
12
32
67
122
81
33
43
110
103
68
54
28
28
107
5
66
138
122
141
116
91
83
22
50
70
9
6
91
74
131
134
6
21
5.2061656295022
0.0309259599927811
142
1
1
1
1
1
1
1
1
1
1
1
1
1
1
1
1
1
1
1
1
1
1
1
1
1
1
1
1
1
1
1
0
1
1
1
1
1
1
1
1
1
1
1
1
1
1
1
1
1
1
1
1
1
1
1
1
1
1
1
1
1
1
1
1
1
1
1
1
1
1
1
1
1
1
1
1
1
1
1
1
1
1
1
1
1
1
1
1
1
1
1
1
1
1
1
1
1
0
1
1
1
1
1
1
1
1
1
1
1
1
1
1
1
1
1
1
1
1
1
1
0
1
1
1
1
1
1
1
1
1
1
1
1
1
1
1
1
1
1
1
1
1
