574
188
563
163
524
201
428
339
536
464
2
297
76
437
226
511
64
256
287
89
412
150
279
340
367
512
426
567
570
463
53
94
528
18
355
438
356
183
276
223
240
242
450
245
48
509
84
467
230
11
284
292
202
305
178
331
570
104
87
226
150
344
71
412
495
308
133
500
330
1
309
568
130
161
86
173
30
191
535
549
522
548
85
310
492
89
262
9
481
509
462
573
139
524
106
444
4
431
261
570
62
110
91
232
62
256
214
11
556
262
200
83
317
201
126
34
239
162
322
62
205
122
417
289
129
295
180
463
86
109
243
293
296
69
560
283
425
37
94
266
336
479
171
327
2
221
415
36
176
185
341
164
112
35
192
62
63
261
480
188
319
334
299
24
465
322
404
266
260
423
267
382
401
529
322
42
215
50
85
8
276
190
484
252
531
133
391
472
25
298
1.8645173851776
0.211388585312347
188
1
1
1
0
0
1
1
1
1
0
1
1
0
1
1
0
1
1
1
1
1
1
0
0
1
1
0
0
1
1
0
1
0
0
0
1
1
1
1
0
0
1
1
1
1
1
1
0
1
0
1
1
0
1
1
1
1
1
1
1
1
1
1
1
1
1
1
1
1
1
0
1
1
0
0
1
1
1
0
1
1
0
1
1
1
1
0
0
1
1
0
1
1
1
1
1
1
1
1
1
1
1
1
1
1
0
1
1
1
1
0
0
1
1
1
1
1
1
1
0
1
1
1
1
0
1
1
1
1
1
1
1
1
0
0
0
1
1
1
1
0
1
1
1
1
1
0
1
1
0
1
1
0
1
1
1
1
1
1
1
1
1
1
1
0
1
1
1
1
0
0
0
0
0
1
1
1
1
1
1
1
0
1
0
0
0
1
0
