352
148
10
27
322
217
174
282
117
118
162
124
152
44
311
130
13
72
178
328
308
131
331
184
50
42
78
203
30
338
12
273
215
214
158
149
59
325
243
205
61
273
255
313
321
66
142
51
293
234
114
339
194
138
37
174
328
16
195
72
223
87
86
290
247
132
151
66
188
292
175
33
68
277
237
70
20
92
176
271
227
326
342
161
127
212
296
178
7
107
177
176
205
58
147
139
170
338
144
8
335
14
291
32
140
177
329
197
263
248
83
283
28
141
41
197
235
36
58
340
18
246
65
67
273
311
301
178
306
54
202
195
350
271
149
45
164
233
0
275
277
61
142
162
155
205
144
239
237
227
8.31998836362165
0.355556703763053
148
1
1
1
1
0
1
1
0
1
0
1
1
1
0
0
1
0
0
1
1
0
1
1
1
1
0
1
1
0
1
0
1
1
1
1
1
0
1
1
1
0
1
1
0
0
1
1
0
1
1
0
0
1
1
0
0
0
1
1
0
0
0
0
0
1
1
1
0
1
1
0
1
1
1
1
1
1
1
1
0
1
1
1
1
0
1
1
1
0
1
0
1
1
1
1
1
0
1
1
0
1
0
1
1
1
0
1
1
1
1
1
0
1
1
1
1
1
1
1
1
1
1
1
1
1
0
0
1
0
1
1
1
1
1
1
1
1
1
1
0
0
1
1
0
1
0
0
1
