162
96
45
99
153
140
57
122
94
35
110
85
81
161
152
79
128
137
138
116
119
153
53
68
48
161
37
129
141
108
82
131
4
112
150
28
147
97
7
104
110
152
74
16
49
148
27
72
75
87
58
102
68
47
40
127
145
36
14
49
1
8
33
65
127
79
107
12
155
96
5
142
25
92
88
148
8
115
39
10
64
8
31
64
152
59
118
142
140
81
10
126
12
78
32
132
38
79
6.05134607396407
0.20744388817137
96
1
1
1
1
0
1
1
1
1
0
1
1
0
1
0
1
1
1
1
1
1
0
1
1
0
1
0
1
1
1
1
0
1
1
1
1
1
0
1
0
1
1
1
1
1
0
1
0
0
1
1
0
1
1
1
1
0
1
1
1
1
1
1
0
1
0
0
1
1
0
1
1
0
1
0
0
1
1
1
1
1
0
0
1
1
1
1
1
1
1
1
1
0
0
1
1
