871
96
128
222
224
22
142
409
100
232
415
657
419
708
193
224
71
59
405
785
125
502
795
26
344
195
568
721
58
387
435
870
561
699
496
656
66
180
412
6
278
522
148
601
631
771
653
116
758
67
459
612
61
729
780
385
276
2
612
847
264
211
785
642
54
130
209
103
665
669
120
501
233
70
177
850
760
84
331
559
253
430
129
40
442
642
527
685
734
139
94
231
239
605
556
713
767
252
0.636970458460715
0.0526991673064928
96
1
1
1
1
1
1
0
1
1
1
1
1
1
1
1
1
0
1
1
1
1
1
1
1
1
1
1
1
1
1
1
1
0
1
1
1
1
1
1
0
1
1
1
1
1
1
1
1
0
1
1
1
1
1
1
1
1
1
1
1
1
1
1
1
1
0
1
1
0
1
1
1
1
1
0
1
1
1
1
1
1
1
1
1
1
1
1
1
1
1
1
1
1
1
1
1
