946
86
761
454
144
646
219
238
28
572
602
188
407
674
839
163
787
14
41
258
940
42
37
833
401
457
703
64
822
588
703
105
234
335
160
641
615
341
132
852
32
544
671
443
317
803
807
758
127
242
900
753
153
98
222
808
246
70
152
890
880
122
299
219
707
620
123
406
441
698
509
15
580
678
758
164
880
29
716
562
439
142
228
241
616
851
729
186
7.68814760310129
0.234511462612311
86
1
1
1
1
0
1
1
0
0
1
1
1
0
1
1
1
0
0
0
1
1
1
0
1
1
0
1
1
0
1
1
1
0
1
1
1
1
1
1
1
0
1
0
1
1
1
1
1
1
1
1
1
0
1
1
1
1
1
1
1
1
1
1
1
0
1
1
0
0
1
0
1
0
1
1
1
1
1
1
1
1
0
1
1
1
1
