917
180
304
33
279
535
407
738
445
627
338
480
356
191
233
37
196
751
719
0
383
401
875
328
71
200
402
722
336
420
200
864
540
268
749
674
226
871
782
248
723
100
844
236
1
293
850
179
229
660
408
90
147
369
424
264
189
869
194
476
908
232
330
673
656
832
196
881
443
505
428
768
24
73
164
506
679
147
567
741
147
427
147
858
183
288
532
628
380
191
228
753
753
482
328
64
293
236
900
868
218
45
235
355
106
816
434
904
656
35
633
209
609
251
165
562
402
245
570
721
141
102
794
769
317
784
232
630
494
140
842
168
464
108
466
820
819
111
483
867
582
703
847
168
106
639
382
614
208
10
683
340
779
760
686
147
681
248
103
31
791
321
186
298
805
580
6
653
691
73
569
191
645
25
577
309
154
348
705
134
271
746
6.91363399306872
0.238236908201509
180
1
1
1
1
1
1
1
1
0
0
0
1
1
1
1
1
1
1
1
1
1
1
0
1
1
1
1
1
1
1
1
1
1
1
0
0
0
0
1
0
0
0
0
1
1
0
0
0
1
0
1
0
0
1
0
1
1
1
0
1
1
1
1
1
0
1
1
1
1
1
0
1
1
0
1
0
1
1
1
1
1
1
1
0
1
1
1
0
1
1
1
1
1
0
0
1
1
1
1
0
1
1
0
1
1
1
1
0
1
0
0
0
1
1
0
1
0
1
1
1
1
1
0
1
1
1
1
0
1
1
1
1
1
1
0
1
1
0
0
1
1
1
1
1
1
0
1
1
0
1
1
1
1
1
0
1
1
1
1
1
1
1
0
1
1
1
0
1
1
1
1
1
1
1
0
1
1
1
1
1
