680
144
294
292
600
321
83
622
348
165
523
327
446
104
45
565
538
271
643
394
257
678
157
601
281
53
641
173
182
186
10
387
500
562
42
134
153
378
623
539
420
670
620
591
550
230
66
636
566
362
526
585
145
100
43
583
674
565
350
577
620
50
246
609
211
668
95
295
222
67
150
19
127
506
432
81
61
257
414
642
502
30
512
533
448
274
294
71
29
205
207
285
585
309
521
615
395
381
440
64
363
203
146
19
261
259
64
677
658
420
490
422
568
174
80
406
612
589
121
84
220
81
645
66
511
365
14
114
96
641
640
222
49
15
118
475
244
411
564
680
38
429
572
461
314
515
6.57226746930364
0.0506234442415795
144
1
1
1
1
1
1
1
1
1
1
1
1
1
1
1
1
1
1
1
1
1
1
1
1
1
1
1
1
1
1
1
1
1
0
1
1
1
1
1
1
1
1
1
1
1
1
1
1
1
1
1
1
1
1
1
1
1
1
1
1
1
1
1
1
1
1
1
1
1
1
1
1
1
1
1
1
1
1
1
1
0
1
1
1
1
1
1
1
0
1
1
1
1
1
1
0
1
1
1
1
1
1
0
1
1
1
1
1
1
1
1
1
1
1
1
1
1
1
1
1
1
1
1
1
1
1
1
1
1
1
1
0
1
0
1
1
1
0
0
1
1
1
1
1
