545
146
180
377
519
464
80
420
219
367
131
524
38
67
266
417
232
515
542
496
125
20
298
509
314
412
524
432
204
84
51
309
283
398
34
356
182
408
20
170
450
7
330
64
57
490
403
281
33
521
140
460
48
268
123
118
119
351
490
268
503
233
47
410
500
414
373
458
331
132
84
191
23
1
376
373
538
180
371
157
400
261
54
116
272
506
197
11
267
431
497
55
466
11
224
341
507
187
122
117
322
288
254
46
40
147
248
296
125
152
242
523
461
253
66
436
454
190
368
446
517
264
104
256
28
46
390
119
342
165
265
468
285
370
6
121
436
388
425
323
62
188
488
102
323
404
22
127
2.92491086401102
0.0647754341199174
146
1
1
0
1
1
1
1
1
1
1
1
1
1
1
1
1
1
1
1
1
1
0
1
1
1
1
1
1
1
1
1
1
1
1
0
1
1
1
1
1
1
1
1
1
1
1
1
1
1
1
1
1
1
1
1
1
1
1
1
1
1
1
1
1
1
1
1
1
1
1
1
1
1
1
1
1
1
1
1
1
0
1
1
1
1
1
1
0
1
1
1
1
1
1
1
1
1
0
1
1
1
1
1
1
1
1
1
1
1
0
1
0
0
1
1
1
1
1
1
1
1
1
1
1
1
1
1
1
1
1
1
1
0
1
1
1
1
1
1
1
1
1
1
1
1
1
