453
116
143
14
150
361
307
231
165
380
284
146
302
94
89
72
443
152
260
402
125
130
230
158
179
356
299
261
154
356
424
168
74
59
420
129
421
19
322
374
116
27
273
87
49
235
145
97
342
38
403
418
118
333
361
18
235
300
153
445
411
444
453
286
326
404
415
297
49
203
54
109
264
146
140
124
453
64
426
388
15
220
190
9
96
179
157
124
11
344
266
3
355
210
97
226
292
149
170
210
359
276
40
317
323
198
247
322
354
48
383
244
270
305
293
254
59
309
4.139122599842
0.329013601944361
116
0
1
1
1
1
1
0
1
1
0
0
1
0
1
1
0
0
0
1
0
0
1
1
1
0
0
0
1
1
1
1
1
0
1
0
1
1
1
1
0
0
1
1
1
1
0
1
1
1
0
1
0
1
1
0
1
0
1
1
1
1
1
1
1
1
1
0
1
0
0
1
1
1
1
0
1
0
0
1
0
0
1
0
0
1
1
1
1
0
1
1
1
0
1
1
0
0
1
1
1
0
1
1
1
1
1
1
1
1
1
1
0
0
0
1
1
