250
96
185
197
154
246
126
105
122
65
186
28
78
217
165
190
196
66
74
85
128
245
178
78
220
41
166
109
13
56
246
167
242
140
6
154
228
60
53
162
226
24
174
246
246
101
15
70
157
238
178
12
205
137
30
169
65
216
22
89
113
27
168
179
84
159
68
197
233
97
20
78
141
33
151
39
208
171
135
230
55
193
172
155
171
27
102
210
41
230
20
54
237
132
112
38
36
218
1.4743404573849
0.0329584838686184
96
1
1
1
1
1
1
1
0
1
1
1
1
1
1
1
1
1
1
1
1
1
1
1
1
1
1
1
1
1
1
1
1
1
1
1
1
1
1
1
1
1
1
1
1
1
1
1
1
1
1
1
1
1
1
1
1
1
1
1
1
1
1
1
1
1
1
1
1
1
1
1
1
1
1
1
1
1
1
1
1
1
1
1
1
1
1
1
1
1
1
1
1
1
1
1
1
