384
154
361
160
117
183
116
263
267
175
357
234
146
265
355
177
289
23
274
153
250
265
278
305
214
173
24
21
55
66
132
218
82
338
101
53
314
39
59
34
133
168
150
179
346
284
103
112
68
333
356
16
328
6
77
66
243
341
255
376
357
181
188
301
113
95
40
261
246
92
212
30
94
98
104
100
39
12
251
319
249
360
20
98
365
58
190
371
200
193
314
55
312
374
67
193
67
351
47
339
383
318
89
370
206
67
336
27
349
325
351
384
141
27
142
207
131
284
61
131
329
22
90
213
25
280
324
112
224
170
116
145
137
90
97
284
37
30
253
65
212
51
184
8
305
184
128
169
122
73
378
76
97
109
65
5
4.76217638199056
0.316232054211513
154
1
0
0
0
1
1
1
1
0
0
1
1
1
1
0
1
1
0
1
0
1
1
1
0
1
1
0
1
0
0
0
1
1
1
1
1
0
1
1
1
0
1
1
0
0
1
0
1
1
1
0
1
1
1
1
1
1
0
1
1
1
1
0
1
1
0
1
1
0
0
1
0
1
1
1
0
0
0
0
1
1
1
1
1
1
1
0
1
1
1
1
0
1
1
1
0
1
0
1
1
1
1
0
1
1
1
1
0
1
0
1
1
0
1
0
1
1
0
0
0
0
1
1
1
1
1
1
0
1
1
0
1
1
0
0
1
0
1
1
1
1
0
0
0
0
1
0
1
1
1
1
1
1
0
