320
88
206
156
68
34
265
217
251
211
220
315
231
283
20
167
184
231
95
241
179
185
303
306
67
69
94
145
268
222
244
116
243
88
244
159
307
119
67
240
283
88
21
287
238
217
142
67
241
107
309
137
118
75
115
113
292
123
254
314
213
320
134
97
79
222
170
140
3
69
50
102
158
124
306
171
209
86
68
47
202
47
211
319
157
194
77
107
97
286
3.82173231425418
0.347503488357326
88
1
1
1
0
1
1
1
1
1
0
1
1
1
1
1
0
0
1
1
0
1
1
0
0
0
1
0
1
1
0
1
1
1
1
1
1
1
0
0
1
0
1
0
1
1
1
1
1
1
1
1
1
1
1
1
1
1
0
0
1
1
0
1
1
0
1
1
1
1
1
0
1
0
1
1
1
1
1
0
1
1
1
1
0
1
1
1
0
