529
144
6
321
105
93
455
180
517
410
392
438
408
390
141
372
173
169
330
437
184
291
153
80
498
526
400
213
71
277
340
172
188
455
103
480
206
223
2
198
471
125
113
50
225
347
516
204
173
141
96
49
183
23
323
130
152
353
235
359
446
479
165
122
92
466
266
528
403
109
280
231
77
62
104
214
394
325
422
513
152
236
477
101
66
269
34
250
165
164
515
374
26
260
343
408
383
215
481
381
474
209
460
271
170
144
469
13
508
483
54
390
414
359
403
191
314
30
506
499
321
426
429
308
293
328
14
337
48
223
93
242
401
468
359
199
98
262
188
127
201
229
88
529
439
490
4.13452525307787
0.245757736380389
144
1
1
0
1
1
1
0
0
1
0
1
1
0
1
1
1
1
1
1
0
1
1
1
1
1
1
1
1
1
1
1
1
0
1
0
1
1
1
1
1
0
1
1
0
1
1
1
1
1
0
0
1
1
1
0
0
0
1
1
1
0
1
1
1
0
1
1
0
0
1
0
0
1
1
1
1
1
1
1
1
1
1
0
1
1
1
1
0
1
1
1
1
0
1
1
1
1
1
1
1
1
0
1
0
1
1
1
0
1
0
1
1
1
0
1
0
0
0
1
1
1
0
1
1
1
1
0
1
1
1
0
0
1
1
0
1
1
1
0
1
1
1
1
1
