107
176
39
11
82
81
16
31
31
42
28
87
55
63
95
72
14
72
34
49
84
62
20
82
14
47
20
2
89
24
98
40
100
1
60
74
75
46
6
107
21
60
81
71
94
98
85
60
86
26
57
92
60
59
83
92
13
34
101
82
27
67
65
60
93
26
80
90
75
85
71
83
96
93
87
71
3
56
7
23
93
19
65
52
107
22
89
50
17
14
67
92
106
20
34
46
45
35
26
98
33
54
22
1
48
76
46
65
65
30
98
26
15
80
1
47
49
74
78
52
43
54
53
88
105
20
39
9
53
99
13
81
3
59
77
49
105
15
69
93
92
57
40
84
30
33
48
48
42
37
102
56
90
48
57
1
36
35
26
103
67
78
47
83
79
105
57
64
75
102
53
60
68
48
43
17
90
44
4.12091653104798
0.0456713016810876
176
1
1
1
1
1
1
1
1
1
1
1
1
1
1
1
1
1
1
1
1
1
1
1
1
1
1
1
1
1
1
1
1
1
1
1
1
1
1
1
1
1
1
1
1
1
1
1
1
1
1
1
1
1
1
1
1
1
1
1
1
1
1
1
1
1
1
1
1
1
1
1
1
1
0
1
1
1
1
0
1
1
1
1
1
1
1
1
1
1
1
1
1
1
1
1
1
1
1
1
1
1
1
1
1
1
1
1
1
1
0
1
1
1
1
1
1
1
1
1
1
1
1
1
1
1
1
1
1
1
1
1
1
1
1
1
1
1
1
1
1
1
1
1
0
1
1
1
1
1
1
1
1
1
1
1
1
1
1
1
1
1
1
1
1
1
1
1
0
1
1
1
1
1
1
1
1
