224
160
207
94
54
199
217
39
61
219
3
150
135
136
193
182
93
151
5
7
27
68
14
214
192
146
18
202
58
146
215
140
134
159
146
214
0
30
92
41
168
223
13
92
207
97
50
84
28
32
27
221
175
36
78
216
135
137
95
151
152
149
132
111
103
46
139
115
178
197
22
223
100
17
133
52
128
42
10
114
89
94
188
160
162
82
111
200
47
74
43
123
158
16
102
63
92
79
204
214
0
187
92
54
65
183
55
14
137
98
149
219
208
25
9
23
154
141
125
85
182
11
28
197
135
117
14
42
154
185
97
181
88
187
16
14
203
149
164
77
178
78
164
194
142
191
69
201
26
155
101
113
167
44
115
95
46
121
3
165
155
106
4.01692159120893
0.203668015847348
160
1
1
1
1
1
0
1
1
1
1
1
1
1
1
1
1
1
1
0
1
1
1
1
0
0
1
1
0
1
1
1
1
0
1
1
1
1
1
1
1
0
1
1
1
1
1
0
1
1
1
1
0
1
1
1
1
0
1
1
1
1
1
1
1
1
0
1
0
1
1
1
0
1
1
0
1
0
1
1
1
1
0
1
1
1
1
1
1
0
1
1
1
1
1
1
0
1
1
0
1
0
0
1
0
0
1
1
1
1
1
0
0
1
1
1
1
0
1
1
1
1
0
0
1
1
1
1
1
1
1
1
1
1
1
1
1
1
1
1
1
1
1
1
1
1
0
1
1
1
0
1
1
0
1
1
1
1
1
0
1
