232
104
223
45
32
180
51
155
181
86
40
183
214
142
16
29
122
158
191
176
37
16
228
231
96
78
165
81
125
232
190
200
57
128
76
219
186
4
51
137
204
208
40
185
208
194
159
29
63
59
136
184
139
85
56
134
93
117
75
153
39
215
39
158
63
2
72
142
220
205
131
108
190
229
155
130
116
51
168
230
111
207
7
36
156
11
16
219
162
24
93
167
119
63
216
86
71
215
181
136
101
230
212
69
175
96
8.66383120254885
0.332579601894865
104
0
1
1
0
1
1
0
1
1
1
1
1
1
0
0
1
1
1
0
1
1
1
1
0
0
0
0
1
0
1
1
1
1
1
1
1
0
1
1
0
1
1
1
1
1
1
1
1
0
1
0
1
1
1
0
0
1
0
1
1
0
1
0
1
1
1
1
0
1
1
0
1
1
0
1
1
0
1
0
1
0
0
1
1
1
0
1
0
1
0
1
1
1
0
1
1
0
0
0
1
1
0
1
0
