817
156
197
719
626
33
199
519
720
275
631
63
416
413
773
615
129
172
217
344
773
157
723
125
548
218
217
77
320
322
369
170
783
37
147
269
561
258
704
360
226
173
103
368
609
75
21
455
370
209
792
557
770
49
266
733
533
89
318
762
335
755
622
740
135
124
91
627
78
578
350
774
736
184
610
789
716
400
653
494
32
388
551
318
119
96
620
454
253
759
218
631
807
42
692
671
265
122
495
676
104
278
245
555
27
694
182
90
549
380
439
620
379
331
20
399
762
330
338
319
163
533
193
372
333
786
643
76
159
730
280
78
782
9
605
586
362
738
792
559
543
487
814
699
173
793
24
589
776
182
503
31
809
479
361
384
305
757
7.32593489214259
0.143339046125118
156
1
1
0
1
0
1
1
1
1
1
1
1
1
1
1
1
1
0
1
1
1
1
1
1
0
1
1
1
1
1
1
1
1
1
1
1
1
1
1
1
1
1
1
1
0
1
1
1
1
1
1
0
1
0
1
1
1
1
1
1
1
1
0
1
1
1
1
1
1
1
1
1
0
1
1
0
1
1
0
1
1
1
1
1
1
1
1
1
0
1
0
1
1
1
1
1
1
1
1
0
1
1
0
1
1
1
1
1
1
1
1
1
1
0
1
1
1
1
1
1
1
1
1
1
1
1
1
1
1
1
1
1
0
1
0
1
1
0
1
1
1
1
1
1
1
1
1
1
1
1
1
1
1
1
1
0
