699
132
564
155
123
183
158
444
690
177
638
535
46
341
238
71
119
164
536
592
381
586
699
681
339
396
222
368
118
517
698
230
463
302
64
358
213
272
109
641
544
463
275
33
545
471
227
295
605
681
107
1
481
489
266
608
38
192
487
13
513
258
545
223
29
652
304
519
587
494
622
67
390
467
71
15
429
347
669
577
483
372
142
101
60
258
432
588
78
103
384
323
679
666
474
252
142
74
534
562
678
549
316
679
63
384
48
253
506
471
624
643
641
253
589
376
154
13
161
425
0
447
407
687
137
602
176
134
21
483
119
14
647
102
7.44489862148655
0.165188430355102
132
1
1
1
1
1
1
1
1
1
1
1
1
0
0
1
0
1
1
1
1
1
1
1
1
1
1
0
1
1
1
1
1
0
1
1
1
1
1
1
1
1
1
1
1
1
1
1
1
1
1
1
1
1
1
1
0
1
1
1
1
1
1
1
0
0
1
1
1
1
0
1
1
1
1
1
1
0
0
1
1
1
0
0
1
1
1
1
1
0
1
0
0
0
1
1
1
1
0
0
1
0
1
1
1
1
1
1
0
1
1
1
1
1
0
1
1
1
0
1
1
1
1
1
1
1
1
1
0
0
0
1
1
