821
156
593
588
792
736
280
197
46
27
321
442
772
59
258
485
638
321
728
661
711
81
448
282
772
641
161
599
372
717
497
760
53
724
390
18
466
585
584
253
217
514
560
453
640
793
776
209
767
628
804
184
0
591
534
486
254
447
332
814
209
549
781
816
429
706
219
341
46
490
256
31
445
67
344
580
212
332
603
554
138
257
308
525
428
179
539
43
626
755
533
139
746
181
262
684
147
166
151
1
452
281
374
429
725
65
608
384
205
433
589
178
127
173
253
111
352
626
168
18
96
102
678
224
641
644
747
271
214
435
557
681
8
181
265
142
766
188
51
343
158
75
405
232
457
341
487
674
232
186
681
153
256
358
659
352
482
491
3.76840095376589
0.271172477916244
156
1
1
1
1
1
0
1
0
0
1
1
1
1
1
1
1
0
0
1
1
1
1
1
1
1
1
1
0
1
1
1
0
0
1
1
1
0
0
1
0
1
0
1
0
0
0
1
1
1
1
1
0
1
1
0
0
0
0
1
0
0
1
1
1
1
1
0
1
1
0
1
1
1
1
1
1
0
1
1
1
1
1
1
1
1
1
1
0
0
1
1
0
1
1
0
0
1
0
1
1
1
0
1
1
0
1
1
0
1
0
0
1
1
0
1
0
1
1
0
1
1
1
0
0
1
1
1
1
0
0
1
1
0
1
1
0
1
0
0
1
1
0
1
0
0
1
1
1
1
1
1
1
0
1
0
1
