200
136
154
93
166
168
107
158
165
131
67
75
38
137
180
83
178
36
194
120
63
99
15
158
188
194
187
49
7
132
118
197
34
86
178
57
119
90
38
62
77
106
100
189
7
34
161
57
44
183
15
180
198
3
154
111
94
34
132
112
106
22
117
94
130
185
15
80
112
78
187
61
60
53
65
31
195
62
21
70
0
114
80
182
37
134
130
142
34
137
177
183
118
74
71
69
142
55
76
63
112
91
108
98
187
48
4
131
179
184
144
7
70
186
85
54
103
49
174
55
143
133
169
65
196
65
142
65
46
148
143
8
70
104
137
155
91
50
9.52016720562415
0.385734203288632
136
0
1
0
0
1
0
0
1
0
0
1
1
0
1
1
0
0
1
0
1
0
1
0
1
1
1
0
0
0
1
0
0
0
0
1
1
0
0
1
1
0
0
1
0
0
1
0
0
1
1
1
0
0
1
1
0
1
1
1
0
1
0
0
0
1
0
1
1
0
1
0
1
1
1
0
0
1
1
1
1
1
0
1
1
1
0
1
1
1
1
1
1
1
0
0
0
0
1
1
1
1
1
1
1
0
1
1
1
1
1
1
0
1
0
1
1
0
1
1
0
1
1
1
1
1
0
0
0
0
1
0
0
1
1
1
1
