506
82
462
355
316
92
10
108
230
198
92
64
71
63
201
450
380
244
302
264
489
284
19
251
487
234
147
155
170
209
19
425
395
288
77
172
132
205
115
62
340
297
105
441
486
292
288
393
167
16
309
12
465
97
492
252
327
426
188
377
136
298
193
267
57
383
367
297
280
194
286
382
274
219
197
298
389
27
140
239
270
304
415
360
9.48070983743368
0.254752499123979
82
0
1
1
1
1
0
1
1
0
1
1
1
1
1
1
1
1
1
1
1
0
0
0
1
0
0
1
0
1
1
0
1
0
1
1
1
1
1
1
1
1
1
1
1
1
0
0
1
1
1
1
0
1
1
1
1
1
1
1
1
1
1
0
0
1
0
1
1
1
1
1
0
1
0
1
0
1
0
1
1
0
0
