679
118
501
500
151
588
376
11
474
583
419
507
563
66
191
304
138
70
49
189
627
463
209
553
562
211
602
383
507
91
37
613
438
554
397
435
350
117
354
664
194
365
1
13
598
91
525
394
56
441
286
132
167
657
606
483
330
145
45
142
424
488
267
317
455
4
545
422
558
340
533
155
448
643
91
436
459
562
639
562
118
253
34
274
449
508
151
567
644
506
243
551
8
181
558
147
531
277
550
98
59
451
65
132
142
91
647
579
237
5
301
418
62
14
152
286
484
588
156
73
7.85359530866696
0.0344016746451102
118
1
1
1
0
1
0
1
1
1
1
1
1
0
1
1
1
1
1
1
1
1
1
1
0
1
1
1
1
1
1
1
1
1
1
1
1
1
1
1
1
0
1
1
1
1
1
1
1
1
1
1
0
1
1
1
1
1
1
1
1
1
1
1
1
1
1
1
1
0
1
1
1
1
1
0
1
1
1
1
1
1
1
1
1
1
1
1
1
1
1
1
1
1
1
1
1
1
1
1
1
1
1
1
1
1
1
1
1
1
1
1
1
1
1
1
1
1
1
