262
144
173
170
26
229
14
209
125
72
13
222
201
87
182
97
40
68
249
161
159
182
246
9
80
16
39
92
201
145
239
257
66
82
212
19
11
195
136
128
227
19
148
18
215
8
175
140
260
158
67
40
218
177
113
69
38
247
21
164
96
94
159
253
50
2
261
31
261
215
73
154
207
136
48
90
115
122
184
83
98
150
72
116
205
184
114
185
240
9
12
14
136
211
157
78
138
243
76
137
228
105
164
98
207
8
194
32
181
144
94
178
240
65
194
81
126
227
21
17
124
11
17
51
186
141
207
89
244
22
90
130
210
3
207
248
129
239
94
131
169
86
226
56
29
1
0.105295659737159
0.280695510731133
144
1
1
1
0
1
1
1
1
1
1
1
1
1
1
0
1
1
1
1
1
1
1
1
1
0
1
0
1
1
1
0
0
1
1
1
1
0
0
1
0
1
1
1
1
1
1
1
0
1
1
1
0
1
1
1
1
1
1
1
0
1
0
1
0
1
1
1
1
1
0
1
1
1
1
0
0
1
1
1
1
0
1
1
1
1
0
0
1
1
0
1
1
1
1
1
1
1
1
0
1
1
0
0
1
1
1
1
0
0
1
1
1
1
1
1
1
0
1
1
1
0
1
1
1
1
1
1
1
1
1
1
1
1
0
1
0
0
1
1
1
1
1
1
1
