370
186
240
26
146
119
16
116
67
149
77
299
269
282
147
45
109
193
114
270
149
236
197
119
154
270
31
203
320
150
267
341
179
28
122
196
127
183
314
176
159
217
280
224
49
300
102
117
35
148
221
180
299
276
20
284
187
20
204
369
300
312
118
251
14
17
1
101
250
56
322
36
95
64
180
129
186
219
5
195
99
167
74
365
256
264
6
183
161
365
339
132
310
60
33
138
325
127
105
33
3
355
295
274
53
29
54
162
91
16
340
118
149
281
107
287
210
124
287
26
283
130
283
218
298
88
148
220
328
110
320
170
361
305
254
215
94
170
40
47
220
153
360
261
50
194
79
117
153
22
345
107
341
303
277
210
269
130
284
226
284
36
140
367
176
349
67
312
168
172
12
36
163
6
16
362
301
230
72
251
71
186
239
272
311
236
239
259
6.20888540153816
0.278396327072329
186
1
1
1
1
0
0
1
0
1
1
1
1
1
1
1
1
1
1
1
1
1
1
0
0
0
0
1
1
1
1
0
1
1
1
1
1
1
1
1
1
1
1
1
1
0
0
1
1
1
1
1
0
0
0
1
1
1
0
1
0
1
1
1
1
0
0
1
1
0
0
0
1
1
1
0
1
1
0
0
1
1
1
1
1
0
1
0
0
0
1
1
1
1
1
1
0
1
1
1
1
0
0
1
0
1
1
0
1
0
1
1
0
1
1
1
1
1
1
1
0
1
1
1
1
1
0
0
1
1
1
0
0
0
1
0
1
1
1
0
1
1
1
1
0
0
1
1
1
1
1
1
0
1
1
1
1
1
1
1
1
1
1
1
1
0
1
1
1
1
1
0
1
0
0
0
1
0
1
0
0
1
0
1
0
1
1
