683
108
107
462
513
41
271
459
664
595
51
114
193
456
88
141
389
323
390
352
173
235
437
609
440
102
370
607
439
585
98
572
336
512
36
1
442
99
20
148
274
147
102
248
238
113
116
75
402
166
337
498
456
398
225
367
146
646
30
621
85
73
359
15
362
313
422
651
177
182
251
483
468
378
366
488
309
14
160
309
235
425
185
377
323
574
670
210
598
418
73
242
657
358
143
359
133
232
298
285
321
385
582
129
469
592
93
299
616
349
7.03182391244924
0.283670784968704
108
1
0
0
1
1
1
1
0
0
1
1
0
1
0
0
1
1
1
1
0
0
1
1
1
1
1
1
0
1
1
1
1
1
1
0
1
1
1
1
0
1
0
0
1
1
1
1
1
1
1
1
1
1
1
1
0
1
1
1
0
1
1
1
1
1
1
1
1
0
1
1
1
0
0
1
1
0
1
0
1
1
0
1
1
0
0
1
0
0
0
1
1
1
1
1
0
1
0
1
0
0
1
1
1
1
1
1
1
