274
146
23
149
184
271
221
190
190
23
93
28
4
32
239
216
185
174
42
210
143
147
188
84
200
59
99
1
180
147
156
260
90
161
70
11
229
102
25
25
176
60
257
49
256
92
121
77
171
218
138
194
171
45
61
214
141
9
84
0
154
219
3
223
98
268
38
200
261
10
154
65
55
232
89
50
164
144
263
156
100
64
260
140
217
80
89
51
103
125
160
167
146
108
50
273
19
66
197
251
134
242
97
73
35
117
151
183
51
128
129
180
6
89
189
101
92
180
168
257
224
132
172
148
60
123
3
148
57
93
185
188
42
88
140
87
24
159
227
55
55
164
184
202
49
172
272
60
9.47848150375769
0.14892033755593
146
1
1
1
1
1
1
1
1
1
1
1
1
1
1
1
1
1
1
1
1
1
1
1
1
1
1
0
0
0
1
1
1
1
1
1
1
0
0
1
1
1
1
1
0
0
1
1
1
1
1
1
1
1
1
1
1
1
1
1
1
1
1
0
0
1
0
0
1
1
1
1
1
1
1
0
1
1
1
1
0
1
1
1
0
1
1
1
1
1
0
1
1
1
1
1
1
1
1
1
1
1
0
0
1
1
0
1
1
1
0
1
1
0
1
1
1
0
1
1
1
1
1
1
1
1
1
1
1
1
0
1
0
1
1
1
1
0
1
1
0
1
1
1
1
1
1
