689
142
359
261
615
110
176
208
645
337
431
471
200
410
633
282
20
215
404
110
307
500
322
88
543
37
618
327
642
558
684
437
654
266
226
360
357
660
78
389
172
103
191
103
279
9
592
75
458
585
562
664
212
3
497
299
566
428
96
80
647
464
415
226
167
216
265
225
512
643
195
127
55
197
81
249
607
431
681
678
12
153
183
280
258
156
444
384
312
240
567
610
205
440
633
553
614
63
263
335
517
340
409
479
68
268
385
137
376
8
261
566
264
150
420
401
603
291
359
519
550
19
679
648
30
181
390
208
135
513
18
216
231
470
333
507
47
326
684
299
109
634
360
584
2.90122522888113
0.158406384742158
142
0
1
0
1
1
1
0
1
1
1
1
1
1
1
1
1
1
0
1
1
1
1
0
1
1
1
1
1
1
1
1
1
1
1
1
1
1
1
1
1
1
1
1
0
1
1
1
1
1
1
0
1
1
1
1
1
0
1
1
1
1
1
1
1
0
1
1
1
0
1
1
1
1
1
0
1
1
0
1
1
1
1
1
1
1
1
1
1
0
1
1
1
1
0
1
1
0
1
1
1
1
1
1
0
1
1
1
0
1
1
0
1
1
1
1
1
1
1
1
1
1
1
1
1
1
1
0
1
0
1
1
1
1
1
1
1
1
0
0
1
0
1
