943
122
595
279
384
298
3
514
141
658
348
781
828
283
773
298
401
353
113
687
599
883
232
758
543
263
903
673
321
936
594
781
113
587
256
589
333
773
260
641
508
468
353
88
87
256
642
172
642
939
159
436
91
307
618
786
839
135
155
482
707
319
511
513
93
872
102
259
816
654
595
120
370
676
276
31
233
920
151
534
544
888
470
270
254
475
141
891
102
690
871
356
805
748
715
431
500
920
781
310
517
239
311
362
206
401
491
370
71
675
459
389
899
166
409
870
250
51
501
625
856
532
180
51
6.19438443029611
0.21028851066705
122
1
1
1
1
1
1
1
1
1
1
0
1
1
0
1
1
1
1
1
1
1
1
1
1
1
0
1
1
1
0
1
0
1
1
0
1
1
1
1
1
1
1
1
0
1
1
1
1
1
1
0
1
0
1
1
1
1
1
1
1
1
1
1
0
1
1
0
1
1
1
0
1
1
1
1
1
1
1
1
1
1
1
1
1
0
1
1
0
1
1
1
0
0
1
0
1
0
0
1
1
1
1
1
0
1
0
1
1
1
1
1
1
0
1
0
1
1
1
1
1
1
1
