808
192
412
125
395
544
58
757
428
298
167
694
347
314
410
171
637
116
369
714
336
531
617
205
605
788
186
163
358
736
181
110
331
502
607
461
675
381
3
294
242
644
0
478
445
603
498
523
357
248
372
534
122
693
168
386
21
36
536
488
91
788
627
63
203
503
40
133
727
655
407
181
115
88
506
656
249
353
483
498
217
231
168
715
644
42
179
231
585
162
294
534
288
796
193
549
36
292
643
512
148
251
139
483
65
685
188
321
277
99
402
692
307
297
105
780
657
694
693
589
85
192
195
735
688
675
114
283
165
393
97
191
776
403
753
24
760
523
612
207
80
462
127
23
258
423
775
73
790
240
104
121
689
193
641
167
72
67
674
283
699
744
560
779
9
229
386
12
679
1
251
425
561
761
431
350
109
73
310
263
728
366
241
155
303
56
601
144
718
725
313
165
493
101
1.0715704303405
0.0519364607044045
192
1
1
1
1
1
1
1
1
1
1
1
1
1
1
1
1
1
1
1
1
1
1
1
1
1
1
1
1
1
1
1
1
1
0
0
1
1
1
1
1
1
1
1
1
1
1
1
1
1
1
1
1
1
1
1
1
1
0
1
0
1
1
1
1
1
0
1
1
1
1
1
1
1
0
1
1
1
1
1
1
1
1
1
1
1
1
1
1
1
1
1
1
1
1
1
1
1
1
1
1
0
1
1
1
1
1
1
1
1
1
1
1
1
1
1
1
1
1
1
1
1
1
1
1
1
1
1
1
1
1
1
1
1
1
1
1
1
1
1
1
1
1
1
1
1
1
1
1
1
0
1
1
1
1
1
1
1
1
1
1
1
1
1
1
1
1
1
1
1
1
1
1
1
1
1
1
1
1
1
1
1
1
1
1
1
1
1
1
1
1
1
1
