209
192
10
16
32
196
136
76
161
46
55
207
106
22
19
6
153
131
78
53
160
108
42
14
202
174
117
203
99
104
40
107
52
77
45
98
66
118
55
113
25
106
157
97
185
202
61
152
69
6
44
43
63
30
68
152
59
177
205
179
128
176
45
201
159
168
115
57
118
90
155
139
171
77
44
81
200
182
53
118
163
88
207
174
22
95
72
54
59
135
64
29
77
149
18
55
66
17
120
163
143
89
30
74
12
120
75
62
117
107
106
65
152
205
168
40
34
160
6
46
114
14
115
2
97
83
90
157
181
160
189
96
14
57
81
149
150
131
76
157
148
158
105
74
103
106
122
142
18
90
56
187
99
43
202
25
74
36
104
138
24
36
192
116
129
56
147
67
3
55
159
86
150
23
71
204
16
53
131
182
73
109
163
63
51
122
195
146
112
164
72
177
187
92
6.45813614737362
0.323776708193177
192
1
0
1
1
0
1
0
1
1
1
1
1
1
1
1
1
1
0
1
0
1
1
1
1
1
0
1
1
0
0
1
1
1
1
1
1
1
1
1
1
1
1
0
1
1
1
1
0
1
0
1
1
0
1
0
0
1
1
1
1
1
1
0
1
1
0
1
1
0
1
1
1
1
1
1
1
0
1
1
1
1
0
1
1
1
1
0
1
0
1
1
0
1
1
1
1
0
0
1
0
1
1
1
0
1
1
0
1
1
0
1
1
1
1
1
1
0
0
0
1
1
1
0
1
1
0
1
1
0
0
1
0
0
1
0
1
1
1
0
0
0
1
0
0
1
1
0
0
1
1
1
0
1
1
0
1
1
1
0
1
0
0
1
1
1
0
1
1
0
1
1
1
1
1
1
1
1
1
0
0
1
1
1
0
0
0
1
1
1
1
1
0
