697
194
101
439
120
243
393
338
660
156
53
442
139
227
344
210
171
278
500
561
258
3
587
177
290
545
497
312
480
133
184
548
276
687
358
341
164
222
498
259
139
648
673
605
183
609
557
428
359
544
183
478
373
668
351
75
550
323
221
7
160
425
4
379
432
155
386
514
175
15
46
587
260
378
459
647
402
111
629
635
569
93
124
642
379
136
301
37
560
479
502
323
407
89
620
607
491
86
55
23
608
253
359
615
538
460
20
470
415
206
282
259
510
71
520
236
149
490
31
342
255
473
298
116
313
515
456
7
243
77
345
344
480
469
139
574
276
494
614
4
233
60
217
654
20
86
537
359
422
620
467
685
454
357
543
170
83
221
694
174
453
555
64
602
509
16
323
551
541
126
134
142
124
77
386
211
334
267
498
597
282
12
229
319
621
586
284
134
200
309
652
437
532
486
363
142
9.01901905852001
0.34395979888862
194
1
1
0
1
1
0
1
1
0
0
0
1
0
0
0
0
1
0
1
0
0
1
1
1
1
1
1
1
0
0
1
0
1
1
1
1
1
0
1
0
0
0
1
0
1
0
1
0
0
1
1
0
0
0
1
1
1
0
1
0
0
1
0
1
1
0
0
1
0
1
1
1
1
0
1
1
0
1
0
1
0
0
1
0
1
1
1
1
1
1
0
1
1
1
1
1
0
1
1
1
1
1
0
1
0
0
1
1
0
1
1
1
1
1
1
1
1
1
1
1
0
1
1
1
0
1
1
1
1
1
1
1
1
0
1
0
1
0
1
1
0
1
1
1
1
0
1
0
0
1
1
1
0
0
0
1
1
1
1
0
1
1
1
1
0
0
0
1
1
1
0
1
0
1
0
1
1
1
1
0
1
1
1
1
1
1
1
1
0
0
1
1
1
0
