691
194
681
147
239
688
181
224
627
143
387
152
47
238
108
152
220
572
74
656
303
643
593
356
15
569
185
191
198
545
529
597
5
615
494
16
34
302
172
538
512
630
427
53
81
57
599
46
414
370
682
102
3
690
370
200
212
518
54
552
679
442
557
288
460
401
333
350
48
514
39
201
89
466
611
48
584
651
74
308
65
390
546
407
632
445
625
320
489
661
281
328
455
521
42
135
270
61
40
628
660
423
403
208
378
359
240
491
154
554
279
166
152
17
318
664
458
16
449
680
200
421
148
130
237
536
491
478
382
458
74
69
198
517
530
88
629
117
176
61
314
396
355
552
601
204
570
106
678
478
240
478
337
356
67
664
422
219
623
584
152
255
224
321
170
360
395
283
421
183
66
675
280
16
574
487
385
584
504
60
219
253
303
380
224
626
280
185
536
539
527
89
639
676
67
490
7.25610953442879
0.00275054123616623
194
1
1
1
1
1
1
1
1
1
1
1
1
1
1
1
1
1
1
1
1
1
1
1
1
1
1
1
1
1
1
1
1
1
1
1
1
1
1
1
1
1
1
1
1
1
1
1
1
1
1
1
1
1
1
1
1
1
1
1
1
1
1
1
1
1
1
1
1
1
1
1
1
1
1
1
1
1
1
1
1
1
1
1
1
1
1
1
1
1
1
1
1
1
1
1
1
1
1
1
1
1
1
1
1
1
1
1
1
1
1
1
1
1
1
1
1
1
1
1
1
1
1
1
1
1
1
1
1
1
1
1
1
1
1
1
1
1
1
1
1
1
1
1
1
1
1
1
1
1
1
1
1
1
1
1
1
1
1
1
1
1
1
1
1
1
1
1
1
1
1
1
1
1
1
1
1
1
1
1
1
1
1
1
1
1
1
1
1
1
1
1
1
1
1
