320
92
14
293
120
319
92
225
294
127
177
289
171
125
126
5
231
90
102
87
20
53
236
176
84
262
73
40
134
4
207
227
242
52
155
221
179
37
57
132
25
238
178
136
198
101
272
180
135
279
70
106
149
32
99
306
114
313
257
307
136
136
183
128
62
94
268
79
96
94
108
150
307
21
287
121
305
319
166
159
3
52
230
108
23
202
5
165
3
261
202
218
145
255
8.38436499398627
0.0935788829266161
92
1
1
1
1
1
1
1
1
0
1
1
1
0
1
1
1
1
1
1
1
1
1
0
1
0
1
1
1
1
1
0
1
0
1
1
1
1
1
1
1
1
1
1
1
1
0
1
1
1
1
1
1
1
1
1
1
1
1
1
1
1
1
1
1
0
1
1
1
1
1
1
1
1
1
0
1
1
1
1
1
1
1
1
1
1
1
1
1
1
1
1
1
