211
176
88
106
166
170
171
198
66
170
150
131
196
159
21
113
158
168
163
143
4
76
167
100
174
165
47
148
89
34
151
0
176
82
124
45
100
187
159
187
73
140
44
118
170
201
28
175
111
4
60
136
141
149
89
29
193
91
2
44
95
169
130
163
188
108
8
34
115
149
198
175
171
131
42
98
189
57
90
184
8
33
49
200
188
50
81
33
27
2
28
90
106
105
112
44
145
1
188
90
31
152
47
185
89
93
130
47
66
130
182
46
114
24
28
118
34
94
197
4
12
94
188
12
116
168
101
16
177
94
129
97
111
87
205
166
127
78
79
9
21
96
149
51
108
33
68
66
147
194
71
12
182
177
70
174
153
69
111
74
177
17
31
76
202
103
11
77
171
194
42
144
144
210
49
185
202
53
3.72588144153036
0.283745763181177
176
1
1
1
1
1
0
1
0
1
1
0
1
1
1
1
1
1
1
1
1
1
1
1
1
1
1
1
1
1
1
0
0
1
0
1
0
1
0
1
1
1
1
1
0
1
1
1
1
1
0
1
1
1
1
0
1
1
1
0
1
1
1
1
1
1
1
0
1
1
1
1
0
0
1
0
0
1
1
1
1
1
0
1
1
1
0
1
1
0
1
1
0
1
1
1
1
0
1
1
1
1
0
1
0
0
1
1
1
1
1
1
1
1
1
1
1
1
1
1
1
1
1
1
1
1
1
1
1
1
0
1
1
1
0
1
1
1
1
1
0
1
1
1
1
0
1
1
1
0
0
1
1
1
1
0
1
1
1
1
1
1
0
1
1
1
1
0
0
1
1
1
0
0
1
1
0
