884
196
356
455
714
437
813
366
849
848
884
214
573
829
275
836
376
461
384
322
504
546
454
880
700
823
235
211
515
592
560
821
96
86
826
631
649
342
783
257
305
475
271
866
131
273
23
839
667
564
733
397
175
539
407
37
320
155
255
854
27
692
166
116
407
284
18
842
582
196
425
514
337
160
145
854
871
274
210
543
430
670
675
699
214
612
529
471
613
851
730
767
484
246
660
457
445
386
643
711
605
563
706
208
674
616
510
809
349
249
114
574
580
454
655
320
613
606
203
676
314
335
460
340
605
275
671
798
387
272
683
866
299
30
234
299
825
391
41
90
12
521
259
771
121
874
678
566
452
870
550
772
428
630
383
545
343
123
126
378
597
106
95
315
738
798
308
753
565
872
136
39
226
571
194
814
524
448
440
26
573
663
317
822
435
59
734
832
713
551
14
578
735
410
16
854
131
440
4.78128289270406
0.295698009084847
196
1
1
1
0
1
1
1
1
1
1
0
1
0
0
1
1
1
0
0
0
1
1
0
1
0
0
1
1
1
0
1
1
1
1
1
1
1
1
1
1
1
1
1
1
0
0
0
1
1
1
0
1
1
1
1
1
1
1
1
1
1
0
1
1
0
0
0
1
1
1
1
1
0
1
1
0
1
0
1
1
0
1
0
1
1
0
1
1
0
1
0
1
1
1
1
0
0
0
1
1
1
0
1
0
1
1
1
1
1
0
1
0
1
0
1
1
0
1
1
0
1
1
1
1
1
1
1
1
1
1
0
0
1
0
1
1
1
0
1
0
1
1
0
1
1
1
1
1
1
1
1
1
1
0
1
1
0
1
1
1
0
0
0
1
0
0
1
1
1
1
1
1
0
1
1
0
1
1
1
0
1
1
1
1
1
1
1
1
1
1
1
1
1
1
1
1
