772
92
40
77
105
616
382
663
383
563
323
669
745
586
596
376
303
545
243
29
440
701
303
585
150
528
14
402
633
85
108
744
470
82
198
401
16
243
362
614
449
242
346
110
151
748
631
358
575
197
282
53
27
122
513
100
663
233
484
262
184
292
111
64
150
45
79
646
745
368
523
662
243
170
321
586
712
84
251
723
373
311
155
733
144
93
620
277
65
4
683
347
657
159
9.50958161275281
0.185684964881557
92
1
0
1
1
1
1
1
0
1
1
1
0
1
0
1
1
1
1
0
1
1
1
1
0
0
1
1
1
1
1
1
1
1
0
1
1
0
1
1
1
1
1
1
1
1
1
0
0
0
1
1
1
1
0
1
0
1
1
1
0
0
1
1
1
1
0
1
1
1
1
1
1
1
0
1
1
1
1
1
1
1
1
1
1
0
1
0
0
1
1
1
1
