797
96
598
393
136
124
519
691
85
264
66
462
141
771
288
99
234
428
391
15
311
547
475
89
524
320
409
572
554
480
742
3
298
649
63
416
312
39
478
59
597
662
235
133
11
548
547
647
146
463
125
717
649
748
797
708
437
478
690
458
464
342
316
789
160
659
250
593
198
278
144
391
327
707
117
308
401
347
413
797
529
57
727
483
471
661
127
672
42
83
467
473
218
124
699
699
338
124
2.06929039383732
0.0304935459701681
96
1
1
0
1
1
1
1
1
1
1
1
1
1
1
1
1
1
1
1
1
1
1
1
1
1
1
1
1
1
1
0
1
1
1
1
1
1
1
1
0
1
1
1
1
1
1
1
1
1
1
1
1
1
1
1
1
1
1
1
1
1
1
1
1
1
1
1
1
0
1
1
1
1
1
1
1
1
1
1
1
1
1
1
1
1
1
1
1
1
1
1
1
0
1
1
1
