421
158
354
388
141
91
19
399
87
399
252
321
336
267
32
286
235
393
347
235
38
147
80
363
310
262
76
153
145
280
237
10
24
40
146
7
344
239
332
412
134
52
372
224
142
345
366
11
15
117
3
66
342
328
196
128
5
120
251
365
208
253
287
335
189
252
199
389
317
414
103
123
298
269
386
222
301
194
287
45
37
277
0
68
3
40
50
52
376
97
136
176
383
255
294
412
263
69
200
380
416
388
39
419
216
173
108
40
83
145
121
397
201
386
419
203
258
313
397
271
254
375
348
414
317
351
105
277
110
82
24
415
20
260
59
169
164
174
293
63
219
256
126
335
246
88
343
74
278
75
251
319
74
177
176
72
194
267
382
79
2.6066976662451
0.136207971138049
158
1
1
1
0
0
1
1
1
1
1
0
1
1
1
0
0
1
1
1
1
1
1
1
1
1
0
1
1
0
1
1
1
1
1
1
1
1
1
1
1
1
1
1
1
0
1
1
1
1
0
1
1
1
1
1
1
1
1
1
1
1
1
1
1
1
0
1
1
1
1
1
1
1
1
0
1
0
1
1
1
1
1
1
1
1
1
1
1
1
1
1
1
1
1
1
1
1
1
1
0
0
1
1
1
1
1
1
1
1
1
1
1
1
0
1
0
0
1
1
0
1
1
1
1
1
1
1
1
1
1
1
1
1
1
1
1
1
0
1
1
1
1
1
1
1
1
0
1
1
1
1
0
0
1
1
1
1
1
