486
136
474
232
329
412
1
243
359
136
63
73
482
227
375
323
477
432
373
397
23
395
320
52
457
166
372
178
130
134
137
395
313
168
56
379
225
193
367
220
387
415
14
171
133
453
101
76
9
421
163
419
257
241
214
58
221
186
28
348
330
31
3
227
26
109
267
295
333
388
57
279
344
346
417
408
411
104
423
26
155
368
56
91
300
482
392
223
437
321
10
108
481
291
22
388
126
140
415
189
159
246
233
484
100
389
237
251
31
333
45
469
26
437
98
78
335
12
196
353
382
41
474
330
70
445
44
83
448
20
265
2
266
41
361
431
409
413
6.87107637383294
0.0624975746699373
136
1
1
0
1
1
1
1
1
1
1
1
1
1
1
1
1
1
1
1
0
1
1
1
1
1
1
1
1
1
1
1
1
1
1
1
1
1
1
0
1
1
1
1
1
1
1
1
1
0
1
1
1
1
1
1
1
1
1
1
1
1
1
1
1
1
1
1
0
1
1
1
1
1
1
1
1
0
1
1
1
1
1
1
0
1
1
1
1
1
1
1
1
1
1
1
1
1
1
1
1
1
1
1
1
1
1
1
1
1
1
1
1
1
1
1
1
1
1
1
1
1
1
1
1
1
1
1
1
1
1
1
1
1
1
1
1
