409
98
135
277
157
282
185
41
145
70
303
385
113
179
307
315
408
264
356
374
270
186
143
146
271
196
344
237
253
255
287
354
135
52
74
135
332
236
22
261
1
182
201
188
352
265
307
274
164
309
306
70
240
289
4
20
402
279
247
224
171
404
282
349
101
366
57
228
154
10
60
214
201
242
220
307
262
3
156
118
41
42
373
209
45
180
329
310
147
363
305
246
275
129
355
112
399
364
330
39
7.89522417744177
0.365046446071331
98
0
0
0
1
1
1
1
1
1
1
1
0
1
0
0
1
1
0
0
1
0
0
1
1
1
1
1
1
1
0
1
1
1
1
0
1
0
0
1
1
1
0
1
0
1
0
0
1
1
1
1
1
1
1
1
1
0
0
1
1
1
0
1
0
0
0
1
0
0
1
0
1
0
1
1
0
0
1
0
1
1
1
1
1
0
1
1
0
1
1
1
1
0
1
0
0
1
1
