471
122
446
275
297
149
351
457
331
31
49
363
241
310
383
448
134
24
394
56
135
259
269
118
470
427
211
174
257
59
234
81
77
345
118
294
350
35
14
406
255
417
211
167
156
237
4
125
123
32
49
401
365
426
76
90
49
45
47
304
401
67
282
150
269
362
224
292
226
465
218
460
111
191
330
162
252
46
173
68
32
388
28
136
80
90
27
452
374
124
252
207
372
332
377
334
80
111
10
358
63
34
280
228
298
212
68
467
451
310
333
74
18
3
210
119
169
383
305
461
324
84
86
228
6.30630553985354
0.0388896396497934
122
1
1
1
1
1
1
1
1
1
1
1
1
1
1
1
1
1
1
1
1
1
1
0
1
1
1
1
1
0
1
1
1
1
1
1
1
1
1
1
0
1
1
1
1
1
1
1
1
1
1
1
1
1
1
1
1
1
1
1
1
1
1
1
1
1
1
1
1
1
1
1
1
1
1
1
1
1
1
1
1
1
1
1
1
1
0
1
1
1
1
1
1
1
1
1
1
1
1
1
1
1
1
1
1
1
1
1
1
1
1
1
1
1
1
1
1
1
1
1
1
1
1
