326
160
133
190
71
132
53
299
140
208
5
129
268
128
313
56
120
182
316
21
46
220
111
239
28
206
152
255
101
106
318
170
4
50
49
88
252
204
288
181
322
200
121
308
173
104
219
186
50
166
189
322
116
239
66
272
123
117
220
165
214
119
105
199
7
106
37
233
114
186
213
46
148
167
132
248
122
53
240
276
112
160
312
85
88
166
133
219
132
30
154
251
104
306
131
19
13
4
216
250
308
25
115
34
18
69
203
19
249
312
223
226
286
213
156
125
78
61
226
294
151
79
64
132
231
285
300
175
101
283
137
243
42
162
176
315
123
67
215
149
147
290
179
249
221
112
271
54
300
156
215
18
189
312
219
239
266
209
95
216
11
94
0.962188336318556
0.293611625669517
160
1
1
1
0
1
1
1
1
1
0
1
1
1
0
1
1
1
1
1
0
1
1
0
1
1
0
1
0
1
0
1
1
0
1
1
1
0
0
0
1
1
0
1
0
1
1
0
1
0
1
0
1
0
1
1
0
1
1
1
1
0
1
1
1
1
1
1
0
1
1
0
1
1
0
1
1
0
1
1
0
0
1
1
0
1
1
1
1
0
1
1
1
1
1
1
1
0
1
0
0
0
0
1
0
0
1
0
1
0
1
1
1
1
1
1
1
1
1
0
1
1
1
0
1
0
0
1
1
1
1
1
1
0
1
1
1
1
1
0
0
1
1
1
1
0
1
1
1
1
1
1
1
0
1
0
1
0
1
0
0
