674
152
468
529
427
405
56
313
376
614
4
320
673
280
356
350
231
507
382
607
336
60
164
262
393
523
593
545
126
446
587
43
651
348
273
640
27
218
124
140
120
578
632
178
57
433
296
574
582
7
395
281
227
429
611
627
619
160
207
425
491
85
590
14
454
121
232
247
377
556
597
625
460
171
154
464
663
43
5
84
88
221
100
429
53
26
406
117
556
159
449
630
219
340
665
439
479
542
45
643
528
622
96
472
198
176
198
614
196
610
287
155
22
31
485
19
424
52
546
111
319
322
209
639
289
641
14
46
24
363
95
26
337
169
442
480
71
599
111
121
556
69
614
419
569
628
644
631
253
498
37
153
539
373
2.72472872004331
0.288403577460217
152
1
1
1
0
1
1
1
1
0
1
1
1
0
1
1
0
0
1
1
1
1
1
1
1
0
0
1
1
1
0
0
1
0
0
0
0
1
1
0
1
1
1
0
0
1
1
1
1
1
1
0
1
0
0
0
1
1
0
0
1
0
1
0
0
1
0
1
1
0
1
1
1
1
1
1
1
1
1
1
1
0
1
1
0
1
0
1
0
1
1
0
1
0
1
1
1
0
1
1
1
1
1
1
1
1
1
1
1
0
0
1
1
1
1
0
0
1
1
1
0
1
0
0
1
0
1
1
0
1
1
0
0
1
0
1
0
1
0
1
1
0
0
1
0
1
1
1
1
1
1
1
1
