254
136
70
109
146
95
87
6
125
130
172
99
218
191
59
53
126
228
144
2
144
204
193
66
206
4
53
114
166
38
183
30
231
194
212
207
185
37
56
27
173
94
250
154
248
30
44
58
212
95
169
53
167
148
61
253
96
110
135
186
49
29
126
178
230
134
194
124
198
25
202
14
15
205
5
77
205
6
225
135
47
134
88
42
134
198
231
143
41
197
206
137
124
117
19
16
96
88
3
144
212
74
170
174
212
29
23
31
181
242
214
202
232
67
164
214
237
151
38
154
160
182
169
191
187
186
225
109
164
187
8
230
106
221
227
222
183
218
5.3769935955971
0.119558020936574
136
1
1
1
1
1
0
1
1
1
0
1
1
1
1
1
1
1
1
1
1
1
1
1
1
1
1
0
1
1
1
0
1
1
1
1
1
0
0
1
1
1
1
1
0
1
1
1
1
1
1
1
1
1
0
1
1
1
1
1
1
1
1
0
1
1
1
1
1
1
1
1
1
1
1
1
1
1
1
1
1
1
1
1
1
0
0
1
1
1
1
1
1
1
1
1
1
1
1
1
1
1
1
1
1
1
1
1
1
1
1
1
1
1
1
1
0
1
1
1
1
1
1
1
0
1
1
1
1
1
1
1
1
1
1
1
1
