187
188
8
70
47
103
138
10
95
184
17
94
22
182
151
176
55
6
151
93
85
138
161
6
167
20
162
59
164
22
10
48
145
59
56
187
21
135
55
141
170
147
149
148
78
120
125
75
51
43
34
69
172
33
112
93
166
119
47
80
69
40
42
121
95
76
32
153
182
103
36
83
0
38
148
57
28
113
83
25
61
87
125
86
26
155
130
62
61
143
86
143
22
84
187
54
96
107
75
79
73
112
61
168
179
149
14
4
119
165
19
133
47
113
23
9
7
38
165
31
78
64
37
57
12
30
82
30
2
16
21
177
15
151
178
92
62
42
99
127
120
149
169
24
149
13
31
59
95
119
99
172
175
38
186
187
16
116
48
136
58
97
26
115
124
70
44
148
54
5
38
81
63
176
75
122
113
91
71
13
131
151
77
82
159
46
91
158
106
45
6.08404568813214
0.23984694938727
188
1
1
0
1
1
1
1
0
1
1
1
1
1
0
0
1
0
1
1
1
1
1
0
1
1
1
1
0
0
1
0
1
1
1
1
1
1
1
1
1
1
1
1
1
1
1
1
1
1
0
1
1
1
1
1
1
1
1
0
1
1
1
1
1
1
1
1
1
1
1
1
0
0
0
1
1
1
1
1
0
1
1
1
0
1
1
0
1
1
1
1
0
0
1
1
1
1
1
1
1
1
1
1
0
1
1
0
1
1
1
1
1
1
1
0
0
0
0
1
1
0
0
0
1
1
1
0
0
1
1
0
0
1
1
1
1
0
1
0
1
1
1
0
1
0
1
1
0
1
0
0
0
1
1
1
1
1
1
0
1
0
0
1
0
1
1
1
1
1
1
0
1
1
0
1
1
1
1
0
1
1
1
1
1
1
1
1
1
