208
178
67
56
24
196
93
192
120
33
159
181
114
30
92
110
34
139
190
25
106
45
131
180
31
9
160
34
138
43
134
171
36
13
165
44
121
48
71
147
105
80
177
68
87
83
125
167
111
32
142
137
54
166
85
189
106
16
112
200
64
39
6
166
110
127
190
87
188
107
148
60
147
62
145
5
93
101
117
106
4
99
41
196
177
18
20
88
208
138
162
179
121
191
76
80
9
112
41
157
184
17
208
109
119
95
44
93
25
148
142
142
122
13
176
107
21
198
157
192
11
192
148
145
15
181
17
48
44
150
74
108
100
95
206
205
130
111
10
19
185
85
59
18
137
103
137
151
44
194
206
181
100
78
33
103
53
14
8
103
161
95
103
132
42
11
124
156
186
102
166
200
77
47
109
170
69
180
188
51
1.37600129875966
0.286169233674732
178
0
0
1
1
1
0
1
1
1
0
1
1
0
0
1
1
1
1
1
1
1
1
0
1
0
0
1
1
1
1
1
0
1
0
0
0
0
1
0
1
1
0
0
1
0
0
1
0
1
1
1
0
0
0
1
1
1
1
0
1
1
0
1
1
0
1
1
1
0
1
0
1
0
1
1
1
1
1
0
1
0
1
1
1
1
1
0
1
1
1
1
1
0
1
1
1
1
1
1
0
1
0
0
1
1
1
1
1
1
0
1
0
1
0
1
1
1
1
1
1
0
1
0
0
1
1
0
1
0
1
0
0
1
1
1
1
0
1
1
1
1
1
1
0
0
1
1
1
1
1
1
0
0
0
1
1
1
0
1
1
1
0
1
0
0
1
1
1
1
0
1
1
1
1
1
1
1
1
