398
188
145
374
294
82
199
120
153
196
363
187
42
282
107
140
366
159
237
63
201
6
128
103
24
183
297
194
152
89
99
282
380
332
250
1
234
39
392
356
285
281
8
47
176
149
266
201
319
193
308
155
47
342
389
179
330
126
107
395
61
61
386
206
285
288
88
311
50
202
398
80
279
378
354
79
312
396
358
96
336
370
43
210
308
13
357
49
250
278
226
189
180
320
3
54
40
127
216
389
339
265
92
353
395
95
295
167
96
149
179
232
321
189
321
320
170
126
85
303
159
181
50
192
22
40
248
99
359
118
47
74
181
266
67
380
243
193
141
316
87
315
106
54
104
211
235
55
309
317
217
320
364
76
381
70
39
262
318
201
192
186
342
18
5
324
164
170
287
189
2
58
173
29
222
388
283
73
122
275
316
308
336
165
122
93
246
148
258
0
2.45150218055709
0.3226567383901
188
0
1
0
1
1
1
1
1
1
0
1
1
1
1
1
1
1
0
1
1
1
1
1
1
0
1
1
0
1
1
1
0
1
1
0
1
1
1
1
1
0
0
0
0
1
0
1
1
1
1
1
0
1
1
0
1
1
1
0
1
1
1
1
1
0
1
1
0
1
1
0
1
1
1
0
1
1
1
1
1
1
1
1
1
1
1
1
0
1
0
1
1
1
1
1
1
1
1
1
1
1
1
1
1
1
1
0
0
0
1
1
1
0
1
1
1
0
0
1
1
1
0
1
1
0
1
1
1
1
0
1
1
1
1
1
0
1
1
1
0
1
1
0
1
1
0
1
0
1
0
0
1
1
1
0
0
1
0
0
0
1
1
1
1
0
1
1
1
1
1
1
1
1
1
1
1
0
0
0
1
0
1
1
1
0
1
1
0
