159
184
119
112
88
127
12
104
80
35
58
3
47
23
154
71
44
110
106
102
26
109
99
92
70
84
150
126
128
29
72
3
80
84
124
55
87
149
57
127
2
157
138
156
26
128
87
124
55
19
42
97
150
66
32
107
93
78
26
129
133
37
109
29
79
61
70
120
0
79
74
129
99
87
115
122
1
14
56
104
80
121
92
95
159
45
95
35
91
94
117
59
80
92
6
18
49
102
4
156
96
147
6
75
17
15
6
141
104
52
137
59
82
118
20
25
36
18
84
13
29
105
61
64
34
80
155
96
157
10
95
15
36
39
58
72
19
119
95
129
30
129
32
149
67
82
0
54
49
131
121
18
82
94
155
124
0
50
135
129
109
74
83
84
127
47
87
85
37
133
156
26
111
105
39
58
116
138
85
21
110
49
132
151
128
120
3.48919236639122
0.15072895229445
184
1
1
1
1
1
1
1
1
0
1
1
1
1
1
0
1
1
1
1
1
1
1
1
1
1
1
1
1
1
1
1
1
1
1
1
1
1
1
1
1
1
1
1
1
0
0
1
1
1
1
1
1
1
0
1
1
1
1
1
0
1
1
1
1
1
1
1
1
1
0
1
1
1
1
0
1
1
1
1
1
1
1
1
1
0
0
1
1
1
1
1
1
1
1
0
1
1
1
1
1
0
1
1
1
1
0
0
1
1
1
1
1
1
1
1
1
1
1
1
1
1
1
1
1
1
1
1
1
1
0
0
1
1
1
1
1
1
1
0
1
1
1
1
1
1
0
0
1
1
1
0
1
1
1
1
1
1
1
1
1
1
0
1
0
1
1
1
1
1
1
1
1
1
1
1
0
0
1
1
1
1
0
0
1
