282
166
3
9
215
20
120
191
164
182
92
90
248
212
141
127
131
254
94
278
209
56
52
24
94
0
257
29
161
194
96
175
208
243
230
1
231
23
196
184
189
269
197
19
102
55
236
152
199
220
281
170
115
266
128
253
3
57
142
135
281
28
64
30
90
119
102
11
95
22
95
105
201
96
46
67
179
17
154
260
26
163
195
268
133
77
209
218
161
128
61
129
190
247
123
229
169
56
201
154
26
177
100
80
278
99
118
23
275
25
63
214
37
39
209
175
257
11
75
167
242
273
31
261
97
0
110
255
243
52
239
232
282
158
66
271
154
263
47
255
43
137
70
218
107
241
154
77
251
254
110
90
212
162
126
52
270
108
32
149
61
42
42
45
210
89
198
51
3.69612506008896
0.134921624596192
166
1
1
1
1
1
1
1
1
1
0
1
1
1
1
1
1
1
1
1
1
0
1
1
1
1
1
1
1
1
1
1
1
1
1
1
1
1
1
1
1
1
1
1
1
1
0
0
1
0
1
1
1
1
0
1
1
1
1
1
1
1
1
1
1
1
1
1
1
1
1
1
1
1
1
1
1
1
1
1
1
0
1
1
1
0
1
1
1
1
1
1
1
1
1
0
1
1
1
1
1
1
1
1
1
1
1
1
1
1
1
1
1
1
1
0
1
1
0
1
1
1
1
0
1
1
1
1
1
0
1
1
1
1
1
1
1
1
1
1
1
1
1
1
1
1
1
1
1
1
1
1
1
1
1
1
1
0
0
1
1
1
1
1
1
1
1
