226
94
75
175
144
121
77
141
77
150
198
13
55
202
13
94
219
52
126
90
174
76
177
26
88
153
153
160
182
27
167
30
27
29
67
60
32
116
69
95
164
83
202
11
221
132
224
149
197
14
95
32
210
29
66
0
135
216
150
86
213
32
135
202
6
31
66
44
202
107
213
9
61
82
213
177
177
177
156
61
202
141
40
7
38
59
46
179
133
212
62
186
79
3
129
83
6.01407097687617
0.0943411422380525
94
1
1
0
1
1
1
1
1
1
1
1
1
1
1
1
1
1
1
0
1
1
1
1
1
1
1
1
1
0
1
1
1
0
1
0
1
1
0
1
1
1
0
1
1
1
1
1
1
1
1
1
1
1
1
1
1
1
1
1
1
1
1
1
1
1
1
0
1
1
1
1
1
1
1
0
1
1
1
1
1
1
1
1
1
1
1
1
1
1
1
1
1
1
1
