893
104
728
74
97
485
521
707
96
670
182
377
565
56
487
631
570
385
146
393
670
4
870
298
845
194
761
877
222
624
313
229
633
319
768
6
248
319
811
840
125
701
272
435
890
721
888
200
732
275
439
223
266
679
306
600
864
353
299
314
438
683
789
184
36
547
561
705
804
620
585
187
529
738
627
223
340
667
79
594
411
343
12
751
36
739
400
863
45
91
155
181
105
43
307
552
813
846
527
355
46
565
171
649
302
877
8.64003421719277
0.151504055436357
104
1
1
1
1
1
1
1
1
1
0
1
1
1
1
1
1
1
1
1
1
1
1
1
1
1
0
1
1
1
1
1
1
1
0
1
0
1
1
0
1
1
1
1
1
1
1
1
1
0
1
1
1
0
1
1
1
1
1
0
0
1
1
0
1
1
0
0
1
1
1
1
1
0
1
0
1
1
1
1
1
1
1
1
1
1
1
1
1
1
1
0
0
1
1
1
1
1
0
1
1
1
1
1
1
