964
112
86
242
115
835
404
519
337
314
394
650
383
509
957
375
332
827
147
466
556
885
381
61
71
84
117
121
853
785
446
353
696
269
204
445
641
6
394
210
775
852
652
149
148
575
912
959
774
684
912
605
120
213
551
403
705
132
330
959
473
637
398
223
444
794
744
669
770
291
847
310
122
249
622
659
948
696
389
492
856
737
224
30
403
214
635
553
32
128
739
331
156
914
740
714
224
373
661
788
331
886
225
216
870
49
381
141
448
858
467
597
298
625
2.57211236281392
0.164499045672463
112
1
1
1
1
0
1
1
1
1
0
1
1
1
1
1
1
0
1
1
1
1
1
1
1
1
0
1
1
1
1
1
1
1
1
1
1
1
1
1
1
1
1
1
1
1
1
0
1
1
1
0
1
1
1
1
1
1
1
1
0
1
1
1
0
1
1
1
1
1
0
1
1
1
1
1
1
1
1
1
1
1
1
1
1
1
0
0
1
1
1
1
1
1
1
1
1
1
1
1
1
1
1
1
1
1
0
1
1
1
1
1
0
