700
140
489
653
238
297
157
158
581
412
331
623
518
637
460
251
348
39
318
601
112
607
418
445
196
545
458
258
492
58
370
562
676
79
450
268
159
441
328
352
435
19
114
191
420
370
438
219
470
610
485
487
142
98
296
62
373
149
263
315
34
532
273
407
368
358
48
648
485
188
604
456
547
121
229
338
377
640
385
387
394
276
547
200
326
515
225
614
407
43
73
137
0
382
320
560
210
616
88
313
489
365
305
129
625
354
512
420
108
641
64
332
410
368
461
494
236
323
105
30
545
476
419
683
275
147
234
312
441
646
435
503
546
54
552
386
614
477
158
354
673
84
1.91587508364399
0.205105928696276
140
1
1
1
1
0
0
1
1
1
1
0
1
1
1
1
0
1
1
0
0
1
1
1
1
0
1
1
1
1
1
1
1
1
1
1
0
1
1
1
0
0
1
1
1
0
1
0
1
0
1
1
1
0
0
1
1
1
1
1
1
0
1
0
1
1
1
0
1
1
1
1
1
1
1
0
0
1
1
1
0
1
1
0
1
1
1
1
1
1
0
1
1
1
0
1
1
1
0
1
1
1
1
0
1
1
1
1
1
1
1
1
1
1
1
1
1
0
0
1
1
1
1
1
1
1
1
0
0
1
1
1
1
1
1
0
1
1
1
1
1
