771
138
585
332
222
704
137
670
393
692
705
349
602
436
372
461
35
362
201
138
519
491
209
167
32
672
186
225
574
418
138
570
581
551
691
704
711
164
435
166
513
170
303
269
119
664
119
229
340
701
437
193
672
511
21
235
306
649
241
663
466
707
342
31
99
155
337
692
458
262
564
570
764
417
424
10
22
456
355
619
675
653
471
102
336
616
353
725
535
230
66
149
500
384
64
231
91
543
186
105
382
531
11
211
88
739
168
114
471
49
109
255
463
436
618
372
617
145
707
535
190
271
596
408
303
112
555
131
158
301
273
761
80
631
668
728
540
65
646
175
4.41933064869258
0.223801780737164
138
1
1
1
0
1
1
1
1
0
0
1
1
0
0
1
1
1
1
1
1
1
1
1
0
1
1
1
1
1
1
1
0
1
1
1
1
1
0
0
1
1
1
1
0
1
1
0
1
1
1
1
1
1
1
0
0
0
1
1
1
1
1
1
0
1
1
1
0
1
1
1
0
1
0
1
1
0
0
1
1
0
0
1
1
1
1
1
1
1
1
1
1
1
0
1
0
1
1
1
1
1
1
1
1
0
0
1
1
1
1
1
0
1
0
1
1
1
0
1
1
1
1
1
1
0
0
1
1
1
1
1
1
1
0
0
1
1
1
