798
180
661
602
518
667
444
720
769
431
90
425
80
461
319
708
629
152
40
143
622
703
234
617
278
625
691
29
189
674
604
733
680
340
275
6
370
438
2
726
595
15
491
747
463
187
710
235
14
305
464
193
342
740
333
509
413
532
152
92
406
635
401
431
90
8
626
644
328
100
164
131
775
27
761
221
797
583
6
504
266
195
283
404
791
586
281
469
258
251
143
595
83
215
113
68
533
619
749
398
764
214
708
528
363
197
606
121
424
130
281
176
643
61
32
566
43
653
138
19
223
644
208
786
98
141
645
527
498
474
526
184
583
157
339
81
524
478
576
517
233
585
390
170
395
36
309
263
350
169
214
423
20
225
270
763
505
156
711
761
102
404
200
198
115
750
789
326
751
61
466
237
660
222
342
412
103
650
354
117
305
757
6.92308635063618
0.392519813983186
180
1
0
0
0
0
0
1
1
1
1
1
1
1
1
0
1
1
1
1
0
1
1
1
1
1
0
1
1
0
1
1
1
1
1
1
0
0
1
0
0
0
1
1
1
1
1
1
1
1
1
1
1
1
0
1
1
1
0
1
1
0
1
0
1
0
1
1
0
1
0
1
1
1
1
0
1
1
1
1
1
0
0
0
1
0
1
0
1
1
0
0
1
1
1
1
0
0
0
0
0
0
1
1
1
0
1
1
0
1
1
0
1
1
1
1
1
1
1
1
1
1
1
0
1
0
1
1
0
0
1
1
1
0
1
1
1
1
1
0
1
1
0
1
0
1
1
1
0
1
1
1
0
0
0
1
1
1
1
0
1
0
1
1
1
1
0
0
1
1
0
0
0
1
0
0
0
1
1
0
0
