281
128
116
1
0
194
245
190
31
22
81
161
208
246
31
279
134
234
281
67
109
3
31
91
13
140
55
41
94
6
227
107
60
145
82
111
81
169
43
173
23
209
277
24
77
136
43
171
23
65
224
98
272
142
106
217
9
6
29
143
7
127
88
55
129
253
45
133
51
246
227
89
39
29
9
33
136
233
177
96
2
38
49
122
78
6
205
117
32
137
97
210
216
62
226
242
198
48
18
38
114
17
249
271
38
139
255
132
149
33
280
227
191
255
223
170
78
107
75
188
240
198
222
126
37
160
91
156
185
40
0.694888686779156
0.154134416908378
128
0
1
1
1
1
1
1
1
0
1
1
1
1
1
0
1
1
1
0
1
1
1
1
0
1
1
1
1
0
1
1
1
1
1
1
1
1
1
1
1
0
1
1
0
1
1
1
1
1
1
1
1
1
1
1
1
1
1
1
1
1
1
1
1
1
1
0
1
1
1
1
1
1
1
1
0
1
1
1
1
1
1
1
1
1
1
1
1
0
1
1
0
1
1
0
1
1
1
1
0
1
1
1
1
1
1
1
1
0
1
1
1
1
1
1
1
1
1
0
1
1
1
1
0
0
0
1
1
