991
118
932
552
560
895
801
673
803
72
573
844
170
953
473
129
801
90
133
50
792
51
488
185
557
824
722
287
27
789
8
142
582
371
681
20
111
426
352
941
893
428
220
174
643
796
860
255
487
687
661
277
262
907
675
394
593
404
315
377
353
384
518
396
258
213
451
578
7
411
955
7
640
838
849
645
179
372
507
813
884
700
202
46
94
879
285
189
767
984
355
426
302
393
44
532
200
892
528
767
107
476
822
203
956
788
870
785
172
402
734
821
489
342
976
458
207
337
521
365
7.61158361919205
0.0827313946867234
118
1
1
1
1
1
1
1
1
1
1
1
1
0
0
1
1
1
1
1
0
1
1
1
1
1
1
0
1
1
1
1
1
1
1
1
0
1
1
1
1
1
1
1
1
1
1
1
1
1
1
1
1
1
1
1
1
1
1
1
1
1
1
1
0
1
1
1
1
1
1
1
1
1
1
1
1
1
0
1
0
1
1
1
1
1
1
1
1
1
1
1
1
1
0
1
1
1
1
0
1
1
1
1
1
1
1
1
1
1
1
1
0
1
1
1
1
1
1
