978
132
250
812
920
290
559
75
523
370
216
546
873
37
218
929
973
418
951
325
715
741
55
901
97
458
883
482
512
789
393
928
228
440
660
205
162
92
571
58
654
538
548
613
157
32
698
198
747
864
494
351
225
688
644
851
554
75
634
754
262
344
896
868
449
846
25
302
140
70
203
349
518
230
663
921
356
823
222
251
786
809
818
439
288
242
572
431
66
387
336
84
714
599
108
838
61
216
125
13
500
221
740
54
84
324
226
820
950
39
690
628
386
888
752
811
473
194
705
791
721
486
526
42
946
373
726
357
799
121
430
123
938
597
1.85956400836504
0.203046781687939
132
1
0
1
1
1
0
0
1
1
1
0
1
1
1
1
1
1
1
1
1
0
1
1
0
1
1
0
1
1
1
1
1
1
1
1
1
1
1
1
1
1
1
1
1
1
1
0
1
1
1
1
1
1
1
1
1
1
1
1
1
1
1
1
0
1
1
1
0
1
1
0
1
1
1
1
1
0
1
1
0
1
1
1
1
1
1
1
1
0
1
1
0
1
1
0
1
1
1
1
1
1
1
1
1
1
0
0
1
1
1
1
1
1
1
1
1
1
0
0
1
1
1
1
1
0
1
1
1
1
0
0
0
