641
164
114
128
409
240
238
261
453
331
79
4
105
640
183
117
631
617
343
574
398
569
266
26
514
73
84
460
2
71
225
177
77
438
204
220
236
425
433
476
446
89
594
231
385
562
339
339
19
306
48
624
563
349
269
437
482
523
611
446
328
89
332
216
118
79
344
297
100
164
392
21
62
476
190
265
396
464
148
157
12
341
54
508
35
198
417
636
165
614
87
430
378
626
536
225
503
399
196
376
534
595
67
421
460
283
448
506
612
55
454
325
338
319
389
304
465
428
98
630
486
443
22
398
371
625
310
220
460
546
299
573
326
237
592
295
25
260
353
151
326
47
413
334
369
432
415
387
17
313
330
137
258
349
225
450
143
240
90
556
22
91
307
610
458
501
7.39591915362984
0.023852384747665
164
1
1
1
1
1
0
1
1
1
1
1
1
1
1
1
1
1
1
1
1
1
1
1
1
1
1
1
1
1
1
1
1
1
1
1
1
1
1
1
1
1
1
1
1
1
1
1
1
1
1
1
0
1
1
1
1
1
1
1
1
1
1
1
1
1
1
1
1
1
1
1
1
1
1
1
1
1
1
1
1
1
1
0
1
1
1
1
1
1
1
1
1
1
1
1
1
1
0
1
1
1
1
1
1
1
1
1
1
0
1
1
1
1
1
1
1
1
1
0
0
1
1
1
1
1
0
1
1
1
1
1
1
1
1
1
1
1
1
1
1
1
1
1
1
1
1
1
1
1
1
1
1
1
1
1
1
1
1
1
1
1
1
0
1
