599
130
238
42
523
522
324
175
238
586
318
226
178
231
190
320
40
434
522
139
159
308
287
481
61
190
315
518
183
4
230
515
65
291
261
120
391
163
6
254
441
526
490
301
298
273
16
56
532
213
413
492
580
240
186
329
304
244
583
113
198
40
52
551
342
216
388
592
99
509
118
125
187
529
448
336
84
240
122
294
486
547
300
451
289
590
340
478
17
22
108
516
524
261
117
93
399
269
501
586
446
534
429
319
19
366
394
316
495
356
393
387
325
115
523
386
138
460
304
304
510
229
305
293
391
354
282
281
376
182
360
526
5.7011040757918
0.193388343685659
130
1
0
1
0
1
1
0
1
1
1
0
1
1
1
1
1
1
1
1
1
0
1
1
0
0
1
1
1
1
1
1
1
0
1
1
1
1
1
0
1
1
1
1
1
0
0
1
1
0
1
1
1
1
1
1
1
1
0
1
1
1
1
1
1
1
1
1
1
0
0
1
0
1
0
1
1
1
1
1
1
1
1
1
1
1
1
1
0
1
1
1
1
1
1
1
1
1
0
1
1
1
0
1
1
1
1
1
1
1
1
1
1
1
1
1
1
0
1
1
1
1
1
1
1
1
0
1
0
1
1
