298
116
291
137
69
199
238
114
265
189
157
28
216
147
118
277
269
269
88
254
165
277
5
149
207
13
221
168
82
30
253
266
25
63
110
223
250
217
27
153
63
53
168
227
149
188
292
185
104
88
273
167
283
179
219
275
184
86
201
91
239
71
241
46
296
188
206
298
72
162
273
51
273
133
114
4
81
279
97
106
281
205
263
162
136
61
79
154
96
191
210
49
100
230
275
137
185
218
114
14
54
79
249
233
222
99
219
121
89
223
128
75
83
2
100
120
45
25
5.76999475500856
0.151634382384919
116
1
1
0
1
1
0
1
1
1
0
1
1
1
0
1
1
1
1
1
0
0
1
1
1
1
1
1
1
0
1
1
1
1
1
1
1
1
1
1
1
1
1
1
0
0
1
1
0
1
1
1
1
1
1
1
1
1
1
1
1
1
1
1
1
1
0
0
1
1
1
1
0
1
1
1
1
1
1
1
1
0
1
1
0
1
1
1
0
1
1
1
0
1
1
1
1
1
0
1
1
1
1
1
1
1
1
1
1
1
1
1
1
1
0
1
1
