909
152
638
457
713
196
875
778
906
640
123
225
732
426
380
789
563
602
342
871
384
527
666
582
588
528
364
500
55
558
153
95
770
772
730
683
441
709
851
241
297
767
335
751
436
478
749
179
77
203
648
95
490
795
628
715
754
774
574
625
804
387
561
868
116
657
646
810
351
139
115
80
875
365
527
13
440
13
132
481
322
284
658
107
305
263
574
105
577
677
618
76
268
612
26
291
268
153
715
596
551
620
51
295
101
835
701
454
284
162
494
849
470
629
114
855
420
659
487
56
602
465
172
590
590
521
217
174
389
14
362
144
462
688
445
342
14
890
160
418
193
23
399
43
668
775
256
763
153
669
90
502
788
487
1.78473203491082
0.158345893071722
152
1
1
1
1
1
1
1
1
1
1
0
1
1
1
1
1
0
1
1
1
1
0
1
1
1
1
1
1
1
1
1
1
1
1
1
1
1
0
1
1
1
0
1
0
1
0
1
0
1
1
1
1
1
1
1
1
1
1
1
1
1
1
1
1
1
1
1
1
1
1
1
1
1
0
1
1
1
1
0
1
1
1
1
1
1
1
1
0
0
1
1
1
1
1
1
0
1
1
1
1
1
1
1
1
1
1
1
1
0
1
1
1
1
1
0
1
1
1
1
1
1
1
1
1
0
1
1
1
1
0
1
1
1
1
0
1
0
0
1
1
1
1
1
1
1
1
1
1
1
1
1
1
