668
126
576
616
580
353
176
197
305
241
433
373
118
265
99
463
192
480
347
244
453
219
281
445
528
430
352
379
344
524
250
341
222
570
32
558
418
255
88
72
261
578
369
247
556
289
465
154
613
463
229
83
394
622
192
420
331
343
165
81
204
128
391
569
336
568
653
120
661
7
166
577
345
567
3
375
102
477
572
269
546
448
82
155
302
383
668
67
159
644
352
559
456
605
93
107
451
376
634
293
557
193
82
293
428
16
125
601
480
442
231
354
548
659
423
575
156
374
519
97
583
292
344
339
222
488
432
116
5.20833498241194
0.11768792533682
126
1
0
1
1
1
1
1
1
1
1
1
1
0
1
0
1
1
1
1
1
1
1
1
1
1
1
1
1
1
1
0
0
1
1
1
1
1
1
1
1
1
1
1
1
1
1
1
1
1
1
1
0
0
1
1
1
1
1
1
1
1
1
0
1
1
1
1
1
1
1
0
1
1
1
1
1
1
1
1
1
1
1
1
1
0
1
0
0
0
0
1
1
1
1
1
1
1
1
1
1
1
1
1
1
1
1
1
1
0
1
1
1
0
1
1
1
1
1
1
1
1
1
1
1
1
1
