478
158
105
211
21
250
148
435
99
286
3
223
53
183
200
173
274
442
355
332
250
34
134
436
182
327
361
222
115
428
342
198
457
179
227
303
143
174
407
299
114
105
331
281
352
272
14
112
128
437
290
268
264
151
468
28
383
368
27
294
399
235
135
166
104
366
477
144
389
381
478
124
454
362
331
97
376
83
450
247
164
67
226
357
156
276
461
340
93
443
224
416
310
285
258
225
39
6
52
295
454
279
193
240
400
155
241
384
253
403
139
132
192
436
260
466
12
242
338
468
362
304
390
409
438
309
127
10
165
23
161
26
139
346
43
336
235
266
451
320
120
465
336
272
425
88
231
257
145
6
337
282
265
276
149
227
156
360
385
0
6.70104963156493
0.37608056327201
158
1
0
1
1
1
0
1
0
0
0
1
1
0
0
1
0
1
1
0
0
1
1
0
0
1
0
0
0
0
1
1
1
0
1
1
0
1
0
1
0
0
1
1
1
1
0
0
1
1
1
1
0
1
1
1
1
1
0
1
1
0
0
0
0
1
1
0
1
1
1
0
0
0
0
1
0
1
0
0
0
1
0
1
1
1
1
1
1
1
1
0
0
1
0
1
1
1
0
1
0
1
0
1
1
1
0
1
1
0
1
1
0
1
1
1
1
1
0
1
1
1
1
1
1
0
0
0
1
1
1
1
0
0
0
1
0
1
0
0
0
0
0
0
1
1
0
1
1
0
1
1
1
0
0
1
1
0
1
