470
186
44
420
77
409
6
243
2
358
299
410
124
440
136
364
268
119
54
399
255
359
93
460
150
300
138
147
129
338
105
306
94
294
63
188
229
199
463
97
21
418
214
210
176
226
424
257
23
356
109
144
174
91
414
437
67
439
332
130
414
426
58
132
387
384
267
158
120
230
296
212
449
244
265
337
347
451
468
309
147
179
109
127
234
436
119
301
297
8
150
66
107
206
45
369
5
38
342
382
223
170
150
74
417
391
207
103
236
400
87
341
382
319
457
289
213
268
423
315
232
146
172
179
403
232
261
456
230
421
126
377
237
449
232
444
153
5
392
25
303
97
169
219
378
269
297
161
283
351
279
398
314
128
268
47
253
155
255
4
157
14
53
292
263
308
251
454
255
336
459
442
260
288
26
354
445
424
450
359
271
293
270
22
319
457
116
305
6.79652538070982
0.0332949289099529
186
1
1
1
1
1
1
1
1
1
1
1
1
1
1
1
1
1
1
1
1
1
1
1
1
1
1
1
1
1
1
1
1
1
1
1
1
1
0
1
1
1
1
1
1
1
1
1
1
1
1
1
1
1
1
1
1
1
1
1
1
1
1
1
1
1
1
1
1
1
1
1
1
1
1
1
1
1
1
1
1
1
1
1
1
1
1
1
1
1
1
1
1
1
1
1
1
1
1
1
1
1
1
1
1
1
1
1
1
1
1
1
1
1
1
1
1
1
1
1
0
1
1
1
1
1
1
1
1
1
1
1
1
1
1
1
1
1
1
1
1
1
1
1
1
0
1
1
1
1
1
1
1
1
1
1
1
1
1
1
1
0
1
1
1
1
1
1
1
1
1
1
1
1
0
1
1
1
1
1
1
1
1
1
1
1
1
