922
196
747
232
817
514
582
895
344
20
99
40
836
592
315
38
509
352
348
303
430
360
644
708
630
879
368
613
868
444
344
329
754
339
422
107
163
846
93
402
642
637
669
701
864
753
98
243
726
257
737
784
481
466
755
537
821
247
42
192
552
96
136
430
384
175
150
848
68
28
837
367
877
372
417
604
407
754
901
468
239
723
919
772
785
403
38
419
425
52
144
206
732
562
282
721
149
642
720
635
842
839
353
806
703
717
211
13
727
752
694
606
737
634
129
656
800
404
464
175
167
444
908
169
803
474
776
677
435
705
578
251
611
197
771
686
481
484
40
507
912
429
650
679
872
586
858
83
639
647
179
92
448
188
226
458
172
534
643
364
340
914
537
233
667
841
429
610
519
266
360
458
227
884
88
566
201
522
151
360
898
192
609
520
99
917
882
633
721
378
501
664
321
65
169
801
867
98
7.56850940932406
0.196023766204246
196
0
1
1
1
1
1
1
1
1
1
1
0
0
1
1
0
1
1
0
1
1
1
1
1
1
0
1
1
1
0
1
1
1
1
1
1
1
0
0
1
1
1
1
1
0
0
1
1
1
1
1
1
1
1
1
0
1
0
1
1
1
1
1
0
1
1
1
1
1
1
1
1
1
1
1
1
1
0
1
1
1
1
1
1
1
1
1
1
1
1
1
0
1
1
1
1
0
1
1
1
1
1
1
0
1
1
0
1
1
1
1
1
1
0
0
0
1
1
1
1
1
1
1
1
1
1
1
1
1
1
1
0
1
1
1
0
1
1
1
0
0
1
1
0
1
1
1
1
1
0
1
1
1
1
1
1
1
1
1
1
1
1
1
0
1
1
0
1
1
0
1
1
1
1
0
1
1
1
0
0
0
1
1
1
1
1
1
1
1
1
0
1
1
1
1
1
