200
94
89
3
100
91
153
71
52
171
21
114
192
69
81
110
75
184
182
64
34
49
136
160
0
84
85
55
90
192
41
127
92
87
135
189
15
46
127
25
80
64
169
8
127
170
91
115
191
23
135
113
103
71
123
42
7
7
116
90
136
94
75
74
78
3
35
130
157
71
124
43
175
39
176
45
186
144
192
162
134
8
81
63
178
100
105
63
13
78
140
130
28
49
6
84
6.43396885561585
0.293087064198798
94
1
1
1
0
0
1
0
0
1
0
1
1
1
1
1
0
1
1
1
1
1
1
1
1
1
1
1
0
0
1
1
1
1
1
0
1
1
1
1
1
1
1
1
0
1
0
1
0
1
1
1
1
1
0
1
1
0
0
0
0
1
0
1
1
1
0
1
1
1
1
0
1
1
1
1
1
1
1
0
0
1
0
1
1
1
1
1
0
1
1
1
1
1
1
