756
106
223
79
499
542
517
63
241
186
505
29
425
374
633
224
107
717
497
407
246
346
352
488
16
240
602
264
274
638
554
546
616
87
283
166
725
746
699
258
416
73
736
547
255
244
400
507
686
162
9
194
664
558
161
715
20
131
724
153
650
476
349
198
717
557
181
615
570
522
319
253
303
674
481
502
610
514
587
342
606
203
143
423
643
580
174
374
444
672
691
339
589
738
639
197
431
255
68
95
220
238
744
444
247
577
590
688
3.05507228923456
0.368364669814575
106
1
0
0
0
1
1
0
1
1
0
1
0
1
1
0
0
1
1
0
1
1
1
1
0
1
0
0
1
1
1
1
1
0
0
1
1
1
1
0
0
0
1
1
1
1
1
1
1
1
0
1
1
0
1
0
1
0
0
0
1
1
0
1
1
1
1
1
0
1
1
1
1
1
1
0
0
0
0
1
1
1
1
0
1
1
0
0
1
1
1
0
1
0
0
1
1
1
1
0
1
1
1
0
1
0
1
