718
136
368
650
312
350
189
497
138
410
465
432
380
464
622
316
487
556
186
360
491
713
666
481
537
362
627
26
662
707
488
237
278
130
141
62
490
708
571
292
218
219
133
643
221
672
64
343
321
268
311
631
158
630
437
75
600
663
307
551
717
324
165
475
56
275
166
512
419
622
685
642
280
249
512
377
192
14
633
227
129
280
301
553
506
137
142
189
191
180
299
322
546
688
713
402
201
62
285
116
325
683
219
169
508
320
486
162
331
72
570
325
469
527
131
321
488
454
173
463
184
243
93
20
16
595
573
715
81
379
24
577
184
658
695
483
645
213
5.3772087311395
0.151622751324768
136
1
1
1
1
1
1
1
1
1
1
1
1
1
1
1
1
1
1
1
1
0
1
1
0
1
1
1
1
1
1
1
1
1
1
1
0
1
1
1
1
1
1
1
1
0
1
1
1
1
1
1
1
1
1
1
1
1
1
0
0
1
1
0
1
1
1
0
0
0
1
0
0
1
0
1
1
1
1
1
1
1
1
1
1
1
0
0
1
1
1
1
1
1
1
1
1
1
1
1
1
0
1
1
1
1
0
0
1
1
1
1
1
1
1
1
1
1
1
1
0
1
1
1
1
1
1
1
0
0
0
1
1
0
1
1
0
