863
122
492
862
268
509
644
100
475
567
631
804
413
570
563
464
611
347
46
575
154
188
750
410
102
198
746
425
163
642
596
862
599
649
796
420
295
714
693
844
145
656
577
727
13
566
459
12
326
290
831
95
378
749
533
806
413
314
32
109
278
195
275
701
486
578
585
1
205
792
362
600
470
553
275
333
100
585
788
539
118
539
826
816
322
370
533
165
372
561
535
317
712
715
129
144
551
627
203
784
139
135
529
684
385
141
356
859
841
324
435
34
114
376
67
104
250
150
853
219
680
427
340
115
6.49123854099616
0.0128546526282329
122
1
1
1
1
1
1
1
1
1
1
1
1
1
1
1
1
1
1
1
1
1
1
1
1
1
1
1
1
1
1
1
1
1
1
1
1
1
1
1
1
1
1
1
1
1
1
1
1
1
1
1
1
1
1
1
1
1
0
1
1
1
1
1
1
1
1
1
1
1
1
1
1
1
1
1
1
1
1
1
1
1
1
1
1
1
1
1
1
1
1
1
1
1
1
1
1
1
1
1
1
1
0
1
1
1
1
1
1
1
1
1
1
1
1
1
1
1
1
1
1
1
1
