263
114
168
51
168
255
45
79
257
88
116
238
41
33
62
263
182
177
147
58
253
26
33
124
21
6
30
167
169
28
120
255
126
225
79
254
150
15
54
155
209
101
137
89
233
201
132
157
43
154
199
65
150
205
192
186
117
95
145
192
251
101
61
177
195
258
140
233
79
46
22
6
168
60
104
43
133
139
16
248
170
103
154
170
178
44
201
224
52
80
11
75
242
108
5
136
115
24
148
154
8
43
118
171
262
41
14
177
205
17
202
132
109
261
178
89
4.57353907791537
0.31516843114747
114
1
0
1
1
1
1
1
1
1
1
1
0
1
1
0
0
0
0
1
0
0
1
1
0
1
1
1
1
1
1
0
0
1
1
0
1
1
1
1
1
1
1
1
1
1
0
1
1
1
1
0
1
1
0
1
1
0
1
1
1
1
1
1
1
0
1
1
1
0
1
1
0
1
1
1
1
1
1
1
1
1
1
0
0
1
0
1
1
1
1
0
1
1
1
1
1
1
1
0
1
1
0
0
1
1
1
1
0
0
0
1
1
1
0
