462
114
66
37
40
286
144
337
149
119
131
282
36
30
79
129
131
365
313
255
136
206
161
432
344
10
172
372
77
274
221
1
373
253
132
274
104
217
59
379
365
339
183
354
432
451
214
59
62
241
263
384
381
268
104
23
157
35
360
268
149
6
227
347
377
201
143
380
73
25
84
432
341
397
4
248
350
181
193
75
245
191
76
364
348
149
25
282
254
249
460
168
431
316
387
365
240
146
43
241
361
320
156
243
348
142
400
400
185
360
420
35
251
160
366
273
6.42981138016716
0.396192996963286
114
1
0
1
1
1
1
0
1
1
1
1
0
1
0
0
1
0
1
1
1
0
1
1
1
1
1
1
1
1
1
1
0
0
0
0
0
0
0
1
0
0
1
0
0
1
1
1
1
1
1
1
0
0
1
1
1
1
0
0
1
1
1
1
1
0
1
1
0
1
1
0
1
0
1
1
0
0
0
1
1
0
0
1
1
1
1
1
1
0
1
0
1
0
1
0
1
0
0
1
0
0
0
1
0
1
0
1
1
1
1
0
1
1
1
