207
198
98
99
55
117
68
13
152
53
132
138
21
5
118
182
1
160
93
146
182
180
26
94
117
175
199
92
134
184
95
176
83
122
39
187
125
72
46
153
47
71
175
70
6
69
60
157
88
28
71
147
31
62
111
166
108
137
114
119
140
196
52
173
203
1
91
156
69
43
124
110
124
176
6
190
162
205
82
16
207
117
174
5
91
5
123
165
38
23
144
67
56
147
159
78
206
135
78
164
163
20
197
18
78
189
133
201
170
63
60
24
175
17
106
25
77
65
64
180
135
79
102
140
175
149
177
186
43
38
102
117
174
34
190
197
189
87
16
152
4
142
14
93
142
114
188
57
2
190
125
67
96
173
201
18
57
16
16
23
198
100
167
51
126
36
110
122
119
97
61
35
177
169
198
171
12
139
13
206
48
203
9
124
185
139
180
62
166
9
48
134
186
192
98
179
144
173
151
24
4.61594382020966
0.046481462127095
198
1
1
1
1
1
1
1
1
1
1
1
1
1
1
1
1
1
1
1
1
1
1
1
1
1
1
1
1
1
1
1
1
1
1
1
1
1
1
1
1
1
1
1
1
1
1
1
1
1
1
1
1
1
1
1
1
1
0
1
1
1
1
1
1
1
1
1
1
1
1
1
1
1
1
1
1
1
1
1
1
1
1
1
1
1
1
1
1
1
1
0
1
1
1
1
1
1
1
1
1
1
1
1
1
1
1
1
1
1
1
1
1
1
1
1
1
0
1
1
1
1
1
1
1
1
1
1
1
1
1
1
1
1
1
1
1
1
1
1
1
1
1
1
1
1
1
1
1
1
1
1
1
1
1
1
1
1
1
1
1
1
1
1
1
0
1
1
1
1
1
1
1
1
0
1
1
1
1
1
0
0
1
1
1
0
1
1
1
1
1
1
1
1
1
1
1
1
1
