752
158
667
261
106
482
244
646
686
168
103
701
279
222
13
718
255
441
601
588
511
318
401
23
675
641
751
432
701
586
355
720
700
167
532
288
76
335
659
158
652
559
637
634
85
205
182
412
231
346
668
15
201
454
392
568
245
623
715
736
605
349
118
266
439
674
292
655
637
207
71
643
198
339
110
356
116
675
483
342
696
530
359
300
742
707
742
135
403
673
404
15
287
704
418
116
452
129
457
560
226
402
702
717
657
524
691
51
350
223
737
657
171
168
369
176
287
207
127
559
479
225
245
588
195
231
296
695
242
697
582
284
479
71
708
410
644
731
390
563
272
436
81
194
688
207
654
583
576
267
572
277
749
440
9
573
646
133
409
749
5.25215225014363
0.0992353716273276
158
1
1
1
1
0
1
1
1
1
1
1
1
1
1
1
1
1
1
1
1
1
1
1
1
1
1
1
1
1
1
1
1
0
1
1
0
1
1
1
1
1
1
1
1
1
0
1
1
1
1
1
1
1
1
1
1
1
1
1
1
1
1
1
1
1
1
1
1
1
1
1
1
1
1
0
1
1
1
1
1
1
1
1
1
1
1
1
1
1
1
1
1
1
1
1
1
0
1
1
1
0
0
1
0
1
1
1
1
1
1
1
1
0
1
1
1
1
1
1
0
1
1
0
1
0
1
1
0
1
1
1
1
1
1
1
1
1
1
1
1
0
1
1
1
1
1
1
1
1
0
1
1
1
0
1
1
1
1
