552
188
231
398
443
275
389
335
289
19
527
60
78
107
215
429
337
406
410
75
465
191
378
371
75
473
440
69
68
513
419
147
432
87
248
182
169
419
534
101
180
156
218
310
418
185
443
84
27
330
302
445
297
316
544
113
132
28
341
314
541
27
390
268
443
482
219
35
174
412
353
476
81
333
188
357
485
81
383
306
506
107
18
129
433
328
378
320
92
116
300
297
213
188
249
242
209
65
545
274
100
445
52
177
370
203
506
169
420
518
541
285
186
144
327
111
196
10
418
420
230
78
166
275
295
55
361
327
349
508
406
187
346
270
228
89
362
179
524
205
372
426
517
550
47
244
377
116
274
125
492
357
205
335
353
301
455
547
551
480
63
431
313
445
36
314
214
484
341
295
38
308
218
159
327
256
23
99
0
380
428
399
78
19
136
415
535
10
444
87
4.60494424329373
0.00668522435872934
188
1
1
1
1
1
1
1
1
1
1
1
1
1
1
1
1
1
1
1
1
1
1
1
1
1
1
1
1
1
1
1
1
1
1
1
1
1
1
1
1
1
1
1
1
1
1
1
1
1
1
1
1
1
1
1
1
1
1
1
1
1
1
1
1
1
1
1
1
1
1
1
1
1
1
1
1
1
1
1
1
1
1
1
1
1
1
1
1
1
1
1
1
1
1
1
1
1
1
1
1
1
1
1
1
1
1
1
1
1
1
1
1
1
1
1
1
1
1
1
1
1
1
1
1
1
1
1
1
1
1
1
1
1
1
1
1
1
1
1
1
1
1
1
1
1
1
1
1
1
1
1
1
1
1
1
1
1
1
1
1
1
1
1
1
1
1
1
1
1
1
1
1
1
1
1
1
1
1
1
1
1
1
1
1
1
1
1
1
