597
200
266
434
459
473
581
391
226
277
304
424
495
269
48
244
543
255
440
326
445
174
461
412
502
346
82
313
547
483
259
443
229
103
465
478
149
102
516
68
525
271
533
506
190
114
434
435
471
274
363
238
481
563
197
31
204
562
204
379
450
161
145
422
498
326
329
31
194
492
276
582
24
50
332
590
218
523
170
334
45
319
362
498
68
287
400
15
126
244
3
279
0
596
388
78
65
516
589
443
592
429
547
87
382
427
268
543
245
302
66
279
316
54
334
258
69
47
450
539
383
429
439
285
71
3
582
397
5
241
259
565
511
478
93
445
82
197
432
78
182
15
272
144
537
422
49
417
99
452
233
499
267
460
104
334
514
207
481
588
427
323
568
214
543
192
187
483
517
326
386
333
45
36
411
114
17
126
477
593
16
546
317
279
502
323
488
421
133
596
452
484
589
280
256
530
348
95
400
559
229
136
1.89926798096857
0.346420604391319
200
1
0
1
0
1
1
0
0
1
1
0
0
1
1
1
0
1
0
0
1
0
0
1
0
0
0
0
1
1
0
1
0
1
0
0
1
0
0
1
0
1
0
1
1
1
1
1
1
1
1
0
1
1
1
0
1
1
1
1
0
1
0
0
0
0
0
1
1
1
0
1
1
0
1
1
1
1
1
1
0
0
1
0
1
1
1
0
1
1
1
1
1
1
1
0
1
1
1
1
1
0
0
1
0
1
0
1
1
1
1
1
1
1
1
0
0
0
1
1
0
1
1
1
1
0
1
0
1
1
1
1
0
0
1
1
0
0
1
1
1
1
1
0
1
0
0
0
1
0
1
0
1
1
0
1
1
0
0
1
1
0
1
1
1
0
0
0
1
1
0
1
1
1
0
0
0
0
1
0
0
0
1
0
1
0
1
0
1
1
0
1
1
0
1
1
1
1
0
1
1
