952
174
48
640
608
47
340
790
378
684
778
378
443
534
488
186
699
493
100
210
867
698
352
16
780
177
398
250
937
450
84
884
172
43
744
740
328
827
105
4
428
317
87
635
220
476
791
155
879
839
565
72
484
68
834
576
632
175
196
597
593
386
832
290
91
932
5
901
951
910
323
780
603
914
274
940
783
118
347
807
275
627
924
926
277
828
882
361
748
748
363
441
98
652
51
485
132
948
417
577
387
28
607
894
745
928
462
748
765
740
654
235
181
266
938
681
686
127
41
28
935
42
245
621
884
15
659
768
11
382
64
834
592
503
681
594
612
770
705
676
50
361
288
326
717
31
714
105
631
746
574
415
472
578
876
306
72
101
677
196
176
35
607
408
815
324
731
814
310
753
149
841
630
362
864
720
4.36880427415967
0.0146879860333425
174
1
1
0
1
1
1
1
1
1
1
1
1
1
1
1
1
1
1
1
1
1
1
1
1
1
1
1
1
1
1
1
1
1
1
1
1
1
1
1
1
1
1
1
1
1
1
1
1
1
1
1
1
1
1
1
1
1
1
1
1
1
1
1
1
1
1
1
1
1
1
1
1
1
1
1
1
1
1
1
1
1
1
1
1
1
1
1
1
1
1
1
1
1
1
1
1
1
1
1
1
1
1
1
1
1
1
1
1
1
1
1
1
1
1
1
1
1
1
1
1
1
1
1
1
1
1
1
1
1
1
1
1
1
1
1
1
1
1
1
1
1
1
1
1
1
1
1
1
1
1
1
1
1
1
1
1
1
1
1
1
1
1
1
1
1
1
1
1
1
1
1
1
1
1
