7331107
5622885
18694529
7744532
5819848
11584937
14076829
4706522
3763598
11265786
11839145
16904483
23137603
4792717
18925335
1746107
4735076
3411986
18739599
7309519
6663939
11361420
11814167
1624548
7455775
6137513
4851419
23889769
22564501
21976678
12634471
10181131
21934257
17612099
8543732
6086957
8324254
17837083
7684827
5693459
7077158
1969095
8032747
4968795
16770241
7204951
5716380
13627548
6333592
20838087
13550272
12070899
5117846
4867392
4191058
5426146
9063550
5235264
5272173
18882277
17574877
5696970
4283424
16991321
10698764
3912654
3388563
4723183
7394050
12370440
22217753
4990801
7059662
13631823
9131256
6725818
3353332
4974826
9367920
5228116
11358344
20582417
9347876
14621281
14502898
13331027
18671720
3252235
2257499
5301516
6282609
1152355
17870844
5320378
6374284
8268838
10421369
4512040
22769843
7065042
14924390
18013991
5626914
14838620
11403686
5606220
9126209
9522334
7363810
13692903
5560563
13382974
17957694
2306345
14645788
3710005
13111129
4544256
7997673
1826669
9194522
11270095
6155541
4648411
3730393
2605159
6515275
7598615
6063964
13430211
12383595
6389477
21589254
3153219
3505150
17898484
3927490
4400355
13223372
2700381
7991492
18361279
15381830
1837737
5049857
3590385
7795227
2116354
14890688
2435240
6833187
18945938
1609627
7086688
16997660
12314627
2172796
2822497
12705913
7752763
2432009
13029915
10178309
3322652
5358303
7235390
6248912
19290750
11566940
1560558
10595552
11502268
3001893
9844593
2481375
9962993
8570195
12528794
3398726
2022921
6180121
9848407
7334797
12179992
11416892
23673391
22495623
4988503
13208694
6375499
5393320
8549362
2400420
15142710
5576262
4366235
4529324
6454519
3030337
26285352
3122231
7031186
4405743
19545018
9254461
14766202
17550980
13217217
13159148
10747998
6019805
3331189
6038496
11039363
11681190
20887934
16753006
2810738
11082048
16464633
6682060
9566613
4447577
15290455
13107683
3389729
12147207
5187311
2630094
11473600
1738519
1980527
3822241
8322934
10218474
12690498
17345720
15991875
17447569
12330353
6330432
10778666
18629181
6032274
10847121
10577466
6944754
3188949
6385874
2940184
8496389
13011100
17060045
17062272
12278226
12638398
6395502
5328812
14665793
21695604
20361247
10433670
16962336
10163488
6911698
6641866
11210784
4092075
7457400
8897056
7860798
23117590
4912776
1126841
14570238
17565612
5313082
17268385
17037278
14589438
9133714
2850623
3629101
7824476
3449865
3899376
4496482
3898425
19367349
5831757
3055451
13841737
11034578
15222057
10009897
2674182
7226904
2528161
13672382
4100808
6857576
15596747
7276419
13233933
8343762
3926429
7266870
15083344
6504478
3641946
3825699
16715750
4206574
13649060
9244430
12102626
3526609
3252979
9132235
6215150
6280966
9139181
4152250
9212629
12823493
13164035
6596909
17721561
5977221
13998968
21228532
11236707
7810296
4384667
2522380
4345802
6781775
2603498
2579925
20349546
24058247
18802729
17346937
5798747
8167512
2271426
6640672
5661211
11741847
8341796
4475092
8003575
1694063
10075494
7147293
13527639
8594849
2494538
1602281
13122993
5484216
26317549
17200343
11017477
14782158
3843788
7316500
6225608
3432066
4273662
5025369
7103431
18324208
4781153
15183845
2325996
9934257
1925831
10637737
2515684
12337390
8771359
4460850
2802610
6656442
1884697
4165961
4223813
5695985
5936459
12756125
4823874
5650482
4201437
4938837
15009951
6942069
16968298
20304721
10271311
3633405
16119053
18397120
3526736
8545040
9798431
2192677
2386180
9141895
7970345
4103456
6035207
19976547
18861570
6086319
18420165
19075577
17493826
1752933
10049441
2317547
14793489
7239426
2875799
10077332
11095417
10792667
3037037
8775832
8406700
2398678
11018299
7654013
6210352
4692366
12048088
2229483
6302059
6817198
4244236
9364099
7755345
7470716
15951297
11421451
2664341
11368553
17485557
21573544
11910368
17788157
2841132
6000710
14626484
20160982
8713719
6779771
1367983
10028489
5191885
16593448
2610968
4996169
8876866
13896354
13276345
15437090
6492934
8297597
16187326
10701181
7633328
8860981
9667078
6698162
18390094
8760662
6153956
2384245
26006135
17830084
28024895
13529084
14481639
16823934
2959353
7613737
11695024
1703650
2056814
6966794
5485422
5694823
7072599
13502866
5155961
22838304
10682244
21434365
4956276
6521632
12094357
6805261
14488897
7107997
5482678
7808995
7383206
2104111
4011638
6017301
3980027
4553684
6793862
1385550
3085237
6082001
9944925
20171490
8306415
1948844
9268708
9206233
9816483
9000776
7973171
12733331
21140929
5989512
8248191
3452131
15454321
3449985
2452111
23526052
16569741
7604234
12951446
17801934
12394823
4528378
2019574
5049669
1681529
1602852
7495768
8982459
13066115
8771939
5798112
10748925
5346667
15792736
10510420
8351089
12561245
2297733
17311623
7931546
3258184
6957425
4101262
2445528
6536715
19447080
9094998
11109535
7713757
11451533
19257132
3346620
11865431
9899753
12928489
4866664
4465300
6777927
8951757
6744192
3556592
6644488
8623122
4480466
19523437
18403799
2940176
2055046
11758111
14539743
6445635
17804941
5243499
4411065
10313414
6205221
10136952
5335194
2103771
4666962
4060082
2030605
11057676
13697524
12601207
6265186
15606819
6669184
3477633
8333772
9666947
8000098
6641683
5021662
2568407
3727762
20329969
17599989
15641044
3649571
5514234
5519751
6347700
8900124
8091708
9653997
5101181
8802911
5967665
21581321
7232058
1315917
4873647
2462411
5681571
14561979
10141621
2051377
18840051
14568927
10265943
15893238
2261735
23814365
4365587
8193150
17986453
5808993
7423168
10763741
12789666
12356681
21362589
12716422
4242768
2892248
10502826
4831873
8258381
5914576
5346184
10640489
6680576
3281026
7738438
2877306
2881739
6223774
4975175
19811204
5295636
23917146
3093334
22468974
5273027
6471347
10984636
11868811
5528061
13669178
7552796
2950353
8140845
7001839
5060670
24271440
7374763
2604528
15083649
8743241
7520473
17296961
9925403
6028634
17614260
13716250
6515322
8946144
12783472
4866297
2628518
16209237
5052782
9389100
21932667
5574607
20613770
12744262
14296792
15190425
13983596
12107747
3155829
9220562
13389542
3326224
7566841
6370677
11128969
9586819
7848388
23031676
11471553
5723624
1841606
5807169
4871197
9742903
7985703
11025417
4036051
10063530
4582126
5592396
8019195
7433585
20636382
21672464
5853587
1609059
17778795
16136166
14648583
13881029
3068895
10183334
20084170
4983400
10899241
8075805
4512479
11768617
14556911
17545143
6056065
8012362
7205528
8113311
22279120
12038025
5842934
5929658
2196908
3985245
2538745
5473204
9674608
6384916
9918257
3304230
7783683
1991285
4182630
5503817
2647967
6725775
5672863
11515060
24895167
4874392
8440969
7605152
11266491
9114692
7499817
6738037
8506768
4135249
3592546
13490184
2322042
3772071
9632547
2366949
8028334
14437007
3521733
11526854
11915491
16752681
8841319
7855598
5087133
15166638
6672855
2588443
11978716
13789172
14528830
10551038
3249416
6721215
18531732
9354236
18678676
14615271
8761168
5481079
15513285
7222135
4857539
2552445
10879194
2551560
27634663
19554671
6139167
2099432
5831910
14697292
2138793
8436752
6903915
10606188
20129815
2578159
4791532
2538889
6069308
2287045
4494703
11040420
9029278
5364134
8339184
2980608
14673959
7179023
17960048
16724667
3083986
15061473
4299309
3893817
11113487
5272830
18621737
12239183
3759410
6054146
16390092
10029251
10185392
2546137
11627834
18325029
8617043
1957544
11943653
3555021
3755355
11338665
7117985
3868102
5491476
7816648
3175558
20748965
4289328
9513830
8085432
15843119
7401504
3151625
3744410
1407793
11638941
4915760
4308354
3879097
6802405
1902758
24380226
20033146
3754033
3536620
19122016
7852794
7109239
6703462
3037359
13445874
4548399
13404843
2683381
2459286
11936858
4559997
6328926
5868819
6721591
4499529
8168056
11206051
6423365
2799140
12027005
16254997
7630754
5270881
11626223
6135397
8908157
12961066
10501570
3219614
2616829
11025993
2463824
3299048
6156709
2534662
19016803
18058325
5871502
2847782
18171233
10008582
6378980
5837056
6728420
3838161
12215331
12010350
3665104
15185676
10264608
7180477
4831080
16503876
13513770
19463616
7737668
6835274
4900389
19632778
12585528
4224991
5454778
8064730
4535969
4574861
8710651
5277110
6233838
3007353
3713968
2418809
8981813
9049096
8128935
16704928
7972317
13619870
11519327
3908787
5384296
2202969
9825632
2074409
3714950
16074853
18594023
9756447
4223313
5443621
11605093
11357890
8291300
11776431
4701325
3416143
3373863
4485144
4600567
4245535
6252333
22750559
5159147
6658514
6623732
